# columna 1: tiempo
# columna 2: coordenada x
# columna 3: u(x,t)
0	0	0.00193045
0	0.01	0.00315111
0	0.02	0.00504176
0	0.03	0.00790705
0	0.04	0.0121552
0	0.05	0.0183156
0	0.06	0.0270518
0	0.07	0.0391639
0	0.08	0.0555762
0	0.09	0.0773047
0	0.1	0.105399
0	0.11	0.140858
0	0.12	0.18452
0	0.13	0.236928
0	0.14	0.298197
0	0.15	0.367879
0	0.16	0.444858
0	0.17	0.527292
0	0.18	0.612626
0	0.19	0.697676
0	0.2	0.778801
0	0.21	0.852144
0	0.22	0.913931
0	0.23	0.960789
0	0.24	0.99005
0	0.25	1
0	0.26	0.99005
0	0.27	0.960789
0	0.28	0.913931
0	0.29	0.852144
0	0.3	0.778801
0	0.31	0.697676
0	0.32	0.612626
0	0.33	0.527292
0	0.34	0.444858
0	0.35	0.36788
0	0.36	0.298198
0	0.37	0.236928
0	0.38	0.184521
0	0.39	0.140861
0	0.4	0.105404
0	0.41	0.0773143
0	0.42	0.0555949
0	0.43	0.0391996
0	0.44	0.0271189
0	0.45	0.018439
0	0.46	0.0123778
0	0.47	0.00830072
0	0.48	0.00572409
0	0.49	0.00431034
0	0.5	0.00386091
0	0.51	0.00431034
0	0.52	0.00572409
0	0.53	0.00830072
0	0.54	0.0123778
0	0.55	0.018439
0	0.56	0.0271189
0	0.57	0.0391996
0	0.58	0.0555949
0	0.59	0.0773143
0	0.6	0.105404
0	0.61	0.140861
0	0.62	0.184521
0	0.63	0.236928
0	0.64	0.298198
0	0.65	0.36788
0	0.66	0.444858
0	0.67	0.527292
0	0.68	0.612626
0	0.69	0.697676
0	0.7	0.778801
0	0.71	0.852144
0	0.72	0.913931
0	0.73	0.960789
0	0.74	0.99005
0	0.75	1
0	0.76	0.99005
0	0.77	0.960789
0	0.78	0.913931
0	0.79	0.852144
0	0.8	0.778801
0	0.81	0.697676
0	0.82	0.612626
0	0.83	0.527292
0	0.84	0.444858
0	0.85	0.367879
0	0.86	0.298197
0	0.87	0.236928
0	0.88	0.18452
0	0.89	0.140858
0	0.9	0.105399
0	0.91	0.0773047
0	0.92	0.0555762
0	0.93	0.0391639
0	0.94	0.0270518
0	0.95	0.0183156
0	0.96	0.0121552
0	0.97	0.00790705
0	0.98	0.00504176
0	0.99	0.00315111
0	1	0.00193045


0.0001	0	0.000965227
0.0001	0.01	0.00163858
0.0001	0.02	0.00272255
0.0001	0.03	0.00442795
0.0001	0.04	0.00705
0.0001	0.05	0.0109894
0.0001	0.06	0.0167721
0.0001	0.07	0.0250649
0.0001	0.08	0.0366803
0.0001	0.09	0.0525672
0.0001	0.1	0.0737795
0.0001	0.11	0.101418
0.0001	0.12	0.136544
0.0001	0.13	0.180065
0.0001	0.14	0.232594
0.0001	0.15	0.294304
0.0001	0.16	0.364784
0.0001	0.17	0.442926
0.0001	0.18	0.526859
0.0001	0.19	0.613955
0.0001	0.2	0.700921
0.0001	0.21	0.783972
0.0001	0.22	0.859095
0.0001	0.23	0.922358
0.0001	0.24	0.970249
0.0001	0.25	1
0.0001	0.26	1.00985
0.0001	0.27	0.999221
0.0001	0.28	0.968767
0.0001	0.29	0.920315
0.0001	0.3	0.856681
0.0001	0.31	0.781397
0.0001	0.32	0.698394
0.0001	0.33	0.611659
0.0001	0.34	0.524933
0.0001	0.35	0.441456
0.0001	0.36	0.363801
0.0001	0.37	0.293791
0.0001	0.38	0.232497
0.0001	0.39	0.180303
0.0001	0.4	0.137027
0.0001	0.41	0.102058
0.0001	0.42	0.0745031
0.0001	0.43	0.0533215
0.0001	0.44	0.0374402
0.0001	0.45	0.0258394
0.0001	0.46	0.0176121
0.0001	0.47	0.0120003
0.0001	0.48	0.00841176
0.0001	0.49	0.00642567
0.0001	0.5	0.00579136
0.0001	0.51	0.00642567
0.0001	0.52	0.00841176
0.0001	0.53	0.0120003
0.0001	0.54	0.0176121
0.0001	0.55	0.0258394
0.0001	0.56	0.0374402
0.0001	0.57	0.0533215
0.0001	0.58	0.0745031
0.0001	0.59	0.102058
0.0001	0.6	0.137027
0.0001	0.61	0.180303
0.0001	0.62	0.232497
0.0001	0.63	0.293791
0.0001	0.64	0.363801
0.0001	0.65	0.441456
0.0001	0.66	0.524933
0.0001	0.67	0.611659
0.0001	0.68	0.698394
0.0001	0.69	0.781397
0.0001	0.7	0.856681
0.0001	0.71	0.920315
0.0001	0.72	0.968767
0.0001	0.73	0.999221
0.0001	0.74	1.00985
0.0001	0.75	1
0.0001	0.76	0.970249
0.0001	0.77	0.922358
0.0001	0.78	0.859095
0.0001	0.79	0.783972
0.0001	0.8	0.700921
0.0001	0.81	0.613955
0.0001	0.82	0.526859
0.0001	0.83	0.442926
0.0001	0.84	0.364784
0.0001	0.85	0.294304
0.0001	0.86	0.232594
0.0001	0.87	0.180065
0.0001	0.88	0.136544
0.0001	0.89	0.101418
0.0001	0.9	0.0737795
0.0001	0.91	0.0525672
0.0001	0.92	0.0366803
0.0001	0.93	0.0250649
0.0001	0.94	0.0167721
0.0001	0.95	0.0109894
0.0001	0.96	0.00705
0.0001	0.97	0.00442795
0.0001	0.98	0.00272255
0.0001	0.99	0.00163858
0.0001	1	0.000965227


0.0002	0	0
0.0002	0.01	0.000536666
0.0002	0.02	0.00102477
0.0002	0.03	0.0018655
0.0002	0.04	0.00326216
0.0002	0.05	0.00550651
0.0002	0.06	0.00900243
0.0002	0.07	0.0142886
0.0002	0.08	0.0220559
0.0002	0.09	0.033155
0.0002	0.1	0.0485861
0.0002	0.11	0.0694655
0.0002	0.12	0.0969636
0.0002	0.13	0.132211
0.0002	0.14	0.176171
0.0002	0.15	0.229498
0.0002	0.16	0.292371
0.0002	0.17	0.36435
0.0002	0.18	0.444254
0.0002	0.19	0.530103
0.0002	0.2	0.619127
0.0002	0.21	0.707872
0.0002	0.22	0.792399
0.0002	0.23	0.868555
0.0002	0.24	0.932308
0.0002	0.25	0.9801
0.0002	0.26	1.00917
0.0002	0.27	1.01783
0.0002	0.28	1.00561
0.0002	0.29	0.973304
0.0002	0.3	0.922912
0.0002	0.31	0.857399
0.0002	0.32	0.78043
0.0002	0.33	0.696034
0.0002	0.34	0.608257
0.0002	0.35	0.520854
0.0002	0.36	0.437049
0.0002	0.37	0.359369
0.0002	0.38	0.289574
0.0002	0.39	0.228663
0.0002	0.4	0.176957
0.0002	0.41	0.134216
0.0002	0.42	0.0997849
0.0002	0.43	0.0727436
0.0002	0.44	0.0520419
0.0002	0.45	0.0366132
0.0002	0.46	0.0254618
0.0002	0.47	0.0177231
0.0002	0.48	0.0127019
0.0002	0.49	0.00989278
0.0002	0.5	0.00899044
0.0002	0.51	0.00989278
0.0002	0.52	0.0127019
0.0002	0.53	0.0177231
0.0002	0.54	0.0254618
0.0002	0.55	0.0366132
0.0002	0.56	0.0520419
0.0002	0.57	0.0727436
0.0002	0.58	0.0997849
0.0002	0.59	0.134216
0.0002	0.6	0.176957
0.0002	0.61	0.228663
0.0002	0.62	0.289574
0.0002	0.63	0.359369
0.0002	0.64	0.437049
0.0002	0.65	0.520854
0.0002	0.66	0.608257
0.0002	0.67	0.696034
0.0002	0.68	0.78043
0.0002	0.69	0.857399
0.0002	0.7	0.922912
0.0002	0.71	0.973304
0.0002	0.72	1.00561
0.0002	0.73	1.01783
0.0002	0.74	1.00917
0.0002	0.75	0.9801
0.0002	0.76	0.932308
0.0002	0.77	0.868555
0.0002	0.78	0.792399
0.0002	0.79	0.707872
0.0002	0.8	0.619127
0.0002	0.81	0.530103
0.0002	0.82	0.444254
0.0002	0.83	0.36435
0.0002	0.84	0.292371
0.0002	0.85	0.229498
0.0002	0.86	0.176171
0.0002	0.87	0.132211
0.0002	0.88	0.0969636
0.0002	0.89	0.0694655
0.0002	0.9	0.0485861
0.0002	0.91	0.033155
0.0002	0.92	0.0220559
0.0002	0.93	0.0142886
0.0002	0.94	0.00900243
0.0002	0.95	0.00550651
0.0002	0.96	0.00326216
0.0002	0.97	0.0018655
0.0002	0.98	0.00102477
0.0002	0.99	0.000536666
0.0002	1	0


0.0007	0	0
0.0007	0.01	-0.00198695
0.0007	0.02	-0.00402709
0.0007	0.03	-0.00616174
0.0007	0.04	-0.00840942
0.0007	0.05	-0.0107567
0.0007	0.06	-0.0121867
0.0007	0.07	-0.0135726
0.0007	0.08	-0.0143347
0.0007	0.09	-0.0140631
0.0007	0.1	-0.012246
0.0007	0.11	-0.00826831
0.0007	0.12	-0.00141414
0.0007	0.13	0.00912293
0.0007	0.14	0.024222
0.0007	0.15	0.0448058
0.0007	0.16	0.071798
0.0007	0.17	0.106064
0.0007	0.18	0.148336
0.0007	0.19	0.199116
0.0007	0.2	0.25857
0.0007	0.21	0.326419
0.0007	0.22	0.401834
0.0007	0.23	0.483358
0.0007	0.24	0.56888
0.0007	0.25	0.655656
0.0007	0.26	0.740415
0.0007	0.27	0.819534
0.0007	0.28	0.889278
0.0007	0.29	0.94609
0.0007	0.3	0.986894
0.0007	0.31	1.00938
0.0007	0.32	1.01221
0.0007	0.33	0.995208
0.0007	0.34	0.959318
0.0007	0.35	0.906573
0.0007	0.36	0.839884
0.0007	0.37	0.762785
0.0007	0.38	0.67912
0.0007	0.39	0.592734
0.0007	0.4	0.507191
0.0007	0.41	0.425555
0.0007	0.42	0.350249
0.0007	0.43	0.282999
0.0007	0.44	0.224857
0.0007	0.45	0.176293
0.0007	0.46	0.137323
0.0007	0.47	0.10767
0.0007	0.48	0.0869216
0.0007	0.49	0.0746685
0.0007	0.5	0.0706192
0.0007	0.51	0.0746685
0.0007	0.52	0.0869216
0.0007	0.53	0.10767
0.0007	0.54	0.137323
0.0007	0.55	0.176293
0.0007	0.56	0.224857
0.0007	0.57	0.282999
0.0007	0.58	0.350249
0.0007	0.59	0.425555
0.0007	0.6	0.507191
0.0007	0.61	0.592734
0.0007	0.62	0.67912
0.0007	0.63	0.762785
0.0007	0.64	0.839884
0.0007	0.65	0.906573
0.0007	0.66	0.959318
0.0007	0.67	0.995208
0.0007	0.68	1.01221
0.0007	0.69	1.00938
0.0007	0.7	0.986894
0.0007	0.71	0.94609
0.0007	0.72	0.889278
0.0007	0.73	0.819534
0.0007	0.74	0.740415
0.0007	0.75	0.655656
0.0007	0.76	0.56888
0.0007	0.77	0.483358
0.0007	0.78	0.401834
0.0007	0.79	0.326419
0.0007	0.8	0.25857
0.0007	0.81	0.199116
0.0007	0.82	0.148336
0.0007	0.83	0.106064
0.0007	0.84	0.071798
0.0007	0.85	0.0448058
0.0007	0.86	0.024222
0.0007	0.87	0.00912293
0.0007	0.88	-0.00141414
0.0007	0.89	-0.00826831
0.0007	0.9	-0.012246
0.0007	0.91	-0.0140631
0.0007	0.92	-0.0143347
0.0007	0.93	-0.0135726
0.0007	0.94	-0.0121867
0.0007	0.95	-0.0107567
0.0007	0.96	-0.00840942
0.0007	0.97	-0.00616174
0.0007	0.98	-0.00402709
0.0007	0.99	-0.00198695
0.0007	1	0


0.0012	0	0
0.0012	0.01	-0.00431397
0.0012	0.02	-0.00843559
0.0012	0.03	-0.0121731
0.0012	0.04	-0.0153383
0.0012	0.05	-0.0177526
0.0012	0.06	-0.0192577
0.0012	0.07	-0.0197298
0.0012	0.08	-0.0190947
0.0012	0.09	-0.0173424
0.0012	0.1	-0.014537
0.0012	0.11	-0.00985426
0.0012	0.12	-0.00447176
0.0012	0.13	0.00179102
0.0012	0.14	0.00888158
0.0012	0.15	0.0168264
0.0012	0.16	0.02578
0.0012	0.17	0.0360696
0.0012	0.18	0.0482266
0.0012	0.19	0.0629984
0.0012	0.2	0.0813346
0.0012	0.21	0.104341
0.0012	0.22	0.133199
0.0012	0.23	0.16906
0.0012	0.24	0.212898
0.0012	0.25	0.265365
0.0012	0.26	0.326624
0.0012	0.27	0.396219
0.0012	0.28	0.472961
0.0012	0.29	0.554894
0.0012	0.3	0.639316
0.0012	0.31	0.7229
0.0012	0.32	0.801888
0.0012	0.33	0.872364
0.0012	0.34	0.930568
0.0012	0.35	0.973231
0.0012	0.36	0.997882
0.0012	0.37	1.00309
0.0012	0.38	0.988633
0.0012	0.39	0.955513
0.0012	0.4	0.905908
0.0012	0.41	0.842991
0.0012	0.42	0.77067
0.0012	0.43	0.693298
0.0012	0.44	0.615361
0.0012	0.45	0.541197
0.0012	0.46	0.474762
0.0012	0.47	0.419448
0.0012	0.48	0.377967
0.0012	0.49	0.352288
0.0012	0.5	0.343596
0.0012	0.51	0.352288
0.0012	0.52	0.377967
0.0012	0.53	0.419448
0.0012	0.54	0.474762
0.0012	0.55	0.541197
0.0012	0.56	0.615361
0.0012	0.57	0.693298
0.0012	0.58	0.77067
0.0012	0.59	0.842991
0.0012	0.6	0.905908
0.0012	0.61	0.955513
0.0012	0.62	0.988633
0.0012	0.63	1.00309
0.0012	0.64	0.997882
0.0012	0.65	0.973231
0.0012	0.66	0.930568
0.0012	0.67	0.872364
0.0012	0.68	0.801888
0.0012	0.69	0.7229
0.0012	0.7	0.639316
0.0012	0.71	0.554894
0.0012	0.72	0.472961
0.0012	0.73	0.396219
0.0012	0.74	0.326624
0.0012	0.75	0.265365
0.0012	0.76	0.212898
0.0012	0.77	0.16906
0.0012	0.78	0.133199
0.0012	0.79	0.104341
0.0012	0.8	0.0813346
0.0012	0.81	0.0629984
0.0012	0.82	0.0482266
0.0012	0.83	0.0360696
0.0012	0.84	0.02578
0.0012	0.85	0.0168264
0.0012	0.86	0.00888158
0.0012	0.87	0.00179102
0.0012	0.88	-0.00447176
0.0012	0.89	-0.00985426
0.0012	0.9	-0.014537
0.0012	0.91	-0.0173424
0.0012	0.92	-0.0190947
0.0012	0.93	-0.0197298
0.0012	0.94	-0.0192577
0.0012	0.95	-0.0177526
0.0012	0.96	-0.0153383
0.0012	0.97	-0.0121731
0.0012	0.98	-0.00843559
0.0012	0.99	-0.00431397
0.0012	1	0


0.0017	0	0
0.0017	0.01	-0.00193243
0.0017	0.02	-0.00352955
0.0017	0.03	-0.00449738
0.0017	0.04	-0.00461905
0.0017	0.05	-0.00378031
0.0017	0.06	-0.0019815
0.0017	0.07	0.000665206
0.0017	0.08	0.00395261
0.0017	0.09	0.00760638
0.0017	0.1	0.0113198
0.0017	0.11	0.0147906
0.0017	0.12	0.017754
0.0017	0.13	0.0200089
0.0017	0.14	0.021434
0.0017	0.15	0.0219918
0.0017	0.16	0.0226884
0.0017	0.17	0.0226632
0.0017	0.18	0.0225145
0.0017	0.19	0.0226638
0.0017	0.2	0.0236206
0.0017	0.21	0.0259849
0.0017	0.22	0.0304545
0.0017	0.23	0.0378295
0.0017	0.24	0.0490126
0.0017	0.25	0.0649951
0.0017	0.26	0.0868258
0.0017	0.27	0.115554
0.0017	0.28	0.152145
0.0017	0.29	0.197376
0.0017	0.3	0.251702
0.0017	0.31	0.31513
0.0017	0.32	0.387098
0.0017	0.33	0.466386
0.0017	0.34	0.551088
0.0017	0.35	0.638652
0.0017	0.36	0.726007
0.0017	0.37	0.809774
0.0017	0.38	0.886542
0.0017	0.39	0.953194
0.0017	0.4	1.00724
0.0017	0.41	1.04709
0.0017	0.42	1.07229
0.0017	0.43	1.0836
0.0017	0.44	1.08294
0.0017	0.45	1.07321
0.0017	0.46	1.05796
0.0017	0.47	1.04097
0.0017	0.48	1.02582
0.0017	0.49	1.01545
0.0017	0.5	1.01178
0.0017	0.51	1.01545
0.0017	0.52	1.02582
0.0017	0.53	1.04097
0.0017	0.54	1.05796
0.0017	0.55	1.07321
0.0017	0.56	1.08294
0.0017	0.57	1.0836
0.0017	0.58	1.07229
0.0017	0.59	1.04709
0.0017	0.6	1.00724
0.0017	0.61	0.953194
0.0017	0.62	0.886542
0.0017	0.63	0.809774
0.0017	0.64	0.726007
0.0017	0.65	0.638652
0.0017	0.66	0.551088
0.0017	0.67	0.466386
0.0017	0.68	0.387098
0.0017	0.69	0.31513
0.0017	0.7	0.251702
0.0017	0.71	0.197376
0.0017	0.72	0.152145
0.0017	0.73	0.115554
0.0017	0.74	0.0868258
0.0017	0.75	0.0649951
0.0017	0.76	0.0490126
0.0017	0.77	0.0378295
0.0017	0.78	0.0304545
0.0017	0.79	0.0259849
0.0017	0.8	0.0236206
0.0017	0.81	0.0226638
0.0017	0.82	0.0225145
0.0017	0.83	0.0226632
0.0017	0.84	0.0226884
0.0017	0.85	0.0219918
0.0017	0.86	0.021434
0.0017	0.87	0.0200089
0.0017	0.88	0.017754
0.0017	0.89	0.0147906
0.0017	0.9	0.0113198
0.0017	0.91	0.00760638
0.0017	0.92	0.00395261
0.0017	0.93	0.000665206
0.0017	0.94	-0.0019815
0.0017	0.95	-0.00378031
0.0017	0.96	-0.00461905
0.0017	0.97	-0.00449738
0.0017	0.98	-0.00352955
0.0017	0.99	-0.00193243
0.0017	1	0


0.0022	0	0
0.0022	0.01	0.00695153
0.0022	0.02	0.0135982
0.0022	0.03	0.0196553
0.0022	0.04	0.0248771
0.0022	0.05	0.0290724
0.0022	0.06	0.0321159
0.0022	0.07	0.0339542
0.0022	0.08	0.0346063
0.0022	0.09	0.0341574
0.0022	0.1	0.0327485
0.0022	0.11	0.0305612
0.0022	0.12	0.0278002
0.0022	0.13	0.0246761
0.0022	0.14	0.0213886
0.0022	0.15	0.018114
0.0022	0.16	0.0149955
0.0022	0.17	0.0121388
0.0022	0.18	0.0096119
0.0022	0.19	0.00744814
0.0022	0.2	0.00565237
0.0022	0.21	0.0051736
0.0022	0.22	0.00501755
0.0022	0.23	0.00560005
0.0022	0.24	0.00714118
0.0022	0.25	0.00995761
0.0022	0.26	0.0144909
0.0022	0.27	0.0213343
0.0022	0.28	0.0312549
0.0022	0.29	0.0452071
0.0022	0.3	0.064331
0.0022	0.31	0.0899329
0.0022	0.32	0.123439
0.0022	0.33	0.166323
0.0022	0.34	0.220002
0.0022	0.35	0.285708
0.0022	0.36	0.364337
0.0022	0.37	0.456297
0.0022	0.38	0.561355
0.0022	0.39	0.678518
0.0022	0.4	0.805954
0.0022	0.41	0.940972
0.0022	0.42	1.08007
0.0022	0.43	1.21907
0.0022	0.44	1.35329
0.0022	0.45	1.47781
0.0022	0.46	1.58778
0.0022	0.47	1.67867
0.0022	0.48	1.7466
0.0022	0.49	1.78861
0.0022	0.5	1.80283
0.0022	0.51	1.78861
0.0022	0.52	1.7466
0.0022	0.53	1.67867
0.0022	0.54	1.58778
0.0022	0.55	1.47781
0.0022	0.56	1.35329
0.0022	0.57	1.21907
0.0022	0.58	1.08007
0.0022	0.59	0.940972
0.0022	0.6	0.805954
0.0022	0.61	0.678518
0.0022	0.62	0.561355
0.0022	0.63	0.456297
0.0022	0.64	0.364337
0.0022	0.65	0.285708
0.0022	0.66	0.220002
0.0022	0.67	0.166323
0.0022	0.68	0.123439
0.0022	0.69	0.0899329
0.0022	0.7	0.064331
0.0022	0.71	0.0452071
0.0022	0.72	0.0312549
0.0022	0.73	0.0213343
0.0022	0.74	0.0144909
0.0022	0.75	0.00995761
0.0022	0.76	0.00714118
0.0022	0.77	0.00560005
0.0022	0.78	0.00501755
0.0022	0.79	0.0051736
0.0022	0.8	0.00565237
0.0022	0.81	0.00744814
0.0022	0.82	0.0096119
0.0022	0.83	0.0121388
0.0022	0.84	0.0149955
0.0022	0.85	0.018114
0.0022	0.86	0.0213886
0.0022	0.87	0.0246761
0.0022	0.88	0.0278002
0.0022	0.89	0.0305612
0.0022	0.9	0.0327485
0.0022	0.91	0.0341574
0.0022	0.92	0.0346063
0.0022	0.93	0.0339542
0.0022	0.94	0.0321159
0.0022	0.95	0.0290724
0.0022	0.96	0.0248771
0.0022	0.97	0.0196553
0.0022	0.98	0.0135982
0.0022	0.99	0.00695153
0.0022	1	0


0.0027	0	0
0.0027	0.01	0.00917118
0.0027	0.02	0.0178284
0.0027	0.03	0.0255055
0.0027	0.04	0.0318249
0.0027	0.05	0.0365288
0.0027	0.06	0.0394942
0.0027	0.07	0.0407332
0.0027	0.08	0.0403788
0.0027	0.09	0.0386594
0.0027	0.1	0.0358666
0.0027	0.11	0.0323208
0.0027	0.12	0.0283391
0.0027	0.13	0.0242092
0.0027	0.14	0.0201715
0.0027	0.15	0.0164091
0.0027	0.16	0.0130464
0.0027	0.17	0.0101545
0.0027	0.18	0.00776164
0.0027	0.19	0.00586598
0.0027	0.2	0.0044511
0.0027	0.21	0.0035015
0.0027	0.22	0.00301864
0.0027	0.23	0.00303729
0.0027	0.24	0.00364261
0.0027	0.25	0.00498825
0.0027	0.26	0.00828069
0.0027	0.27	0.012903
0.0027	0.28	0.019778
0.0027	0.29	0.0297677
0.0027	0.3	0.0439636
0.0027	0.31	0.0636975
0.0027	0.32	0.0905327
0.0027	0.33	0.126223
0.0027	0.34	0.172637
0.0027	0.35	0.231634
0.0027	0.36	0.304898
0.0027	0.37	0.393736
0.0027	0.38	0.498849
0.0027	0.39	0.620096
0.0027	0.4	0.756286
0.0027	0.41	0.905029
0.0027	0.42	1.06267
0.0027	0.43	1.22435
0.0027	0.44	1.38419
0.0027	0.45	1.53557
0.0027	0.46	1.67163
0.0027	0.47	1.78571
0.0027	0.48	1.87191
0.0027	0.49	1.92561
0.0027	0.5	1.94385
0.0027	0.51	1.92561
0.0027	0.52	1.87191
0.0027	0.53	1.78571
0.0027	0.54	1.67163
0.0027	0.55	1.53557
0.0027	0.56	1.38419
0.0027	0.57	1.22435
0.0027	0.58	1.06267
0.0027	0.59	0.905029
0.0027	0.6	0.756286
0.0027	0.61	0.620096
0.0027	0.62	0.498849
0.0027	0.63	0.393736
0.0027	0.64	0.304898
0.0027	0.65	0.231634
0.0027	0.66	0.172637
0.0027	0.67	0.126223
0.0027	0.68	0.0905327
0.0027	0.69	0.0636975
0.0027	0.7	0.0439636
0.0027	0.71	0.0297677
0.0027	0.72	0.019778
0.0027	0.73	0.012903
0.0027	0.74	0.00828069
0.0027	0.75	0.00498825
0.0027	0.76	0.00364261
0.0027	0.77	0.00303729
0.0027	0.78	0.00301864
0.0027	0.79	0.0035015
0.0027	0.8	0.0044511
0.0027	0.81	0.00586598
0.0027	0.82	0.00776164
0.0027	0.83	0.0101545
0.0027	0.84	0.0130464
0.0027	0.85	0.0164091
0.0027	0.86	0.0201715
0.0027	0.87	0.0242092
0.0027	0.88	0.0283391
0.0027	0.89	0.0323208
0.0027	0.9	0.0358666
0.0027	0.91	0.0386594
0.0027	0.92	0.0403788
0.0027	0.93	0.0407332
0.0027	0.94	0.0394942
0.0027	0.95	0.0365288
0.0027	0.96	0.0318249
0.0027	0.97	0.0255055
0.0027	0.98	0.0178284
0.0027	0.99	0.00917118
0.0027	1	0


0.0032	0	0
0.0032	0.01	0.000717777
0.0032	0.02	0.00162956
0.0032	0.03	0.00289501
0.0032	0.04	0.00461108
0.0032	0.05	0.0067942
0.0032	0.06	0.0093761
0.0032	0.07	0.0122133
0.0032	0.08	0.0151084
0.0032	0.09	0.0178391
0.0032	0.1	0.0201894
0.0032	0.11	0.0219794
0.0032	0.12	0.0230875
0.0032	0.13	0.0234643
0.0032	0.14	0.0231367
0.0032	0.15	0.0222037
0.0032	0.16	0.0208268
0.0032	0.17	0.0192189
0.0032	0.18	0.0176346
0.0032	0.19	0.016366
0.0032	0.2	0.015745
0.0032	0.21	0.0161534
0.0032	0.22	0.01804
0.0032	0.23	0.0219396
0.0032	0.24	0.0284925
0.0032	0.25	0.0384571
0.0032	0.26	0.0527082
0.0032	0.27	0.0722171
0.0032	0.28	0.0980058
0.0032	0.29	0.131073
0.0032	0.3	0.172291
0.0032	0.31	0.223245
0.0032	0.32	0.2832
0.0032	0.33	0.352304
0.0032	0.34	0.429861
0.0032	0.35	0.514542
0.0032	0.36	0.60439
0.0032	0.37	0.696909
0.0032	0.38	0.789223
0.0032	0.39	0.878305
0.0032	0.4	0.961249
0.0032	0.41	1.03555
0.0032	0.42	1.09937
0.0032	0.43	1.15169
0.0032	0.44	1.19242
0.0032	0.45	1.22233
0.0032	0.46	1.24286
0.0032	0.47	1.25592
0.0032	0.48	1.26346
0.0032	0.49	1.2672
0.0032	0.5	1.26831
0.0032	0.51	1.2672
0.0032	0.52	1.26346
0.0032	0.53	1.25592
0.0032	0.54	1.24286
0.0032	0.55	1.22233
0.0032	0.56	1.19242
0.0032	0.57	1.15169
0.0032	0.58	1.09937
0.0032	0.59	1.03555
0.0032	0.6	0.961249
0.0032	0.61	0.878305
0.0032	0.62	0.789223
0.0032	0.63	0.696909
0.0032	0.64	0.60439
0.0032	0.65	0.514542
0.0032	0.66	0.429861
0.0032	0.67	0.352304
0.0032	0.68	0.2832
0.0032	0.69	0.223245
0.0032	0.7	0.172291
0.0032	0.71	0.131073
0.0032	0.72	0.0980058
0.0032	0.73	0.0722171
0.0032	0.74	0.0527082
0.0032	0.75	0.0384571
0.0032	0.76	0.0284925
0.0032	0.77	0.0219396
0.0032	0.78	0.01804
0.0032	0.79	0.0161534
0.0032	0.8	0.015745
0.0032	0.81	0.016366
0.0032	0.82	0.0176346
0.0032	0.83	0.0192189
0.0032	0.84	0.0208268
0.0032	0.85	0.0222037
0.0032	0.86	0.0231367
0.0032	0.87	0.0234643
0.0032	0.88	0.0230875
0.0032	0.89	0.0219794
0.0032	0.9	0.0201894
0.0032	0.91	0.0178391
0.0032	0.92	0.0151084
0.0032	0.93	0.0122133
0.0032	0.94	0.0093761
0.0032	0.95	0.0067942
0.0032	0.96	0.00461108
0.0032	0.97	0.00289501
0.0032	0.98	0.00162956
0.0032	0.99	0.000717777
0.0032	1	0


0.0037	0	0
0.0037	0.01	-0.00440616
0.0037	0.02	-0.00851015
0.0037	0.03	-0.0120266
0.0037	0.04	-0.0147036
0.0037	0.05	-0.0163395
0.0037	0.06	-0.0167971
0.0037	0.07	-0.0160161
0.0037	0.08	-0.0140194
0.0037	0.09	-0.0109116
0.0037	0.1	-0.00686874
0.0037	0.11	-0.00211793
0.0037	0.12	0.00309312
0.0037	0.13	0.00853382
0.0037	0.14	0.0140335
0.0037	0.15	0.0195253
0.0037	0.16	0.0250865
0.0037	0.17	0.030973
0.0037	0.18	0.0376422
0.0037	0.19	0.0457633
0.0037	0.2	0.0562096
0.0037	0.21	0.0700334
0.0037	0.22	0.0884173
0.0037	0.23	0.112603
0.0037	0.24	0.143796
0.0037	0.25	0.183048
0.0037	0.26	0.231118
0.0037	0.27	0.288337
0.0037	0.28	0.354466
0.0037	0.29	0.428586
0.0037	0.3	0.509035
0.0037	0.31	0.5934
0.0037	0.32	0.678593
0.0037	0.33	0.761006
0.0037	0.34	0.836741
0.0037	0.35	0.901906
0.0037	0.36	0.953901
0.0037	0.37	0.988835
0.0037	0.38	1.00515
0.0037	0.39	1.00219
0.0037	0.4	0.980581
0.0037	0.41	0.942223
0.0037	0.42	0.890153
0.0037	0.43	0.828327
0.0037	0.44	0.761321
0.0037	0.45	0.693993
0.0037	0.46	0.631128
0.0037	0.47	0.577124
0.0037	0.48	0.535698
0.0037	0.49	0.509671
0.0037	0.5	0.500796
0.0037	0.51	0.509671
0.0037	0.52	0.535698
0.0037	0.53	0.577124
0.0037	0.54	0.631128
0.0037	0.55	0.693993
0.0037	0.56	0.761321
0.0037	0.57	0.828327
0.0037	0.58	0.890153
0.0037	0.59	0.942223
0.0037	0.6	0.980581
0.0037	0.61	1.00219
0.0037	0.62	1.00515
0.0037	0.63	0.988835
0.0037	0.64	0.953901
0.0037	0.65	0.901906
0.0037	0.66	0.836741
0.0037	0.67	0.761006
0.0037	0.68	0.678593
0.0037	0.69	0.5934
0.0037	0.7	0.509035
0.0037	0.71	0.428586
0.0037	0.72	0.354466
0.0037	0.73	0.288337
0.0037	0.74	0.231118
0.0037	0.75	0.183048
0.0037	0.76	0.143796
0.0037	0.77	0.112603
0.0037	0.78	0.0884173
0.0037	0.79	0.0700334
0.0037	0.8	0.0562096
0.0037	0.81	0.0457633
0.0037	0.82	0.0376422
0.0037	0.83	0.030973
0.0037	0.84	0.0250865
0.0037	0.85	0.0195253
0.0037	0.86	0.0140335
0.0037	0.87	0.00853382
0.0037	0.88	0.00309312
0.0037	0.89	-0.00211793
0.0037	0.9	-0.00686874
0.0037	0.91	-0.0109116
0.0037	0.92	-0.0140194
0.0037	0.93	-0.0160161
0.0037	0.94	-0.0167971
0.0037	0.95	-0.0163395
0.0037	0.96	-0.0147036
0.0037	0.97	-0.0120266
0.0037	0.98	-0.00851015
0.0037	0.99	-0.00440616
0.0037	1	0


0.0042	0	0
0.0042	0.01	-0.00281121
0.0042	0.02	-0.00561911
0.0042	0.03	-0.00840428
0.0042	0.04	-0.0111165
0.0042	0.05	-0.0136629
0.0042	0.06	-0.0159002
0.0042	0.07	-0.0176303
0.0042	0.08	-0.0186012
0.0042	0.09	-0.0185092
0.0042	0.1	-0.0170036
0.0042	0.11	-0.01369
0.0042	0.12	-0.00813067
0.0042	0.13	0.000158491
0.0042	0.14	0.011715
0.0042	0.15	0.0271372
0.0042	0.16	0.0470887
0.0042	0.17	0.0722915
0.0042	0.18	0.103502
0.0042	0.19	0.141464
0.0042	0.2	0.186828
0.0042	0.21	0.240051
0.0042	0.22	0.30127
0.0042	0.23	0.370168
0.0042	0.24	0.445857
0.0042	0.25	0.526788
0.0042	0.26	0.610726
0.0042	0.27	0.694793
0.0042	0.28	0.775603
0.0042	0.29	0.849464
0.0042	0.3	0.912663
0.0042	0.31	0.961773
0.0042	0.32	0.993972
0.0042	0.33	1.00731
0.0042	0.34	1.00091
0.0042	0.35	0.975075
0.0042	0.36	0.931234
0.0042	0.37	0.871837
0.0042	0.38	0.800109
0.0042	0.39	0.719757
0.0042	0.4	0.63465
0.0042	0.41	0.549476
0.0042	0.42	0.466588
0.0042	0.43	0.389153
0.0042	0.44	0.319436
0.0042	0.45	0.259052
0.0042	0.46	0.209031
0.0042	0.47	0.169934
0.0042	0.48	0.141992
0.0042	0.49	0.125247
0.0042	0.5	0.119672
0.0042	0.51	0.125247
0.0042	0.52	0.141992
0.0042	0.53	0.169934
0.0042	0.54	0.209031
0.0042	0.55	0.259052
0.0042	0.56	0.319436
0.0042	0.57	0.389153
0.0042	0.58	0.466588
0.0042	0.59	0.549476
0.0042	0.6	0.63465
0.0042	0.61	0.719757
0.0042	0.62	0.800109
0.0042	0.63	0.871837
0.0042	0.64	0.931234
0.0042	0.65	0.975075
0.0042	0.66	1.00091
0.0042	0.67	1.00731
0.0042	0.68	0.993972
0.0042	0.69	0.961773
0.0042	0.7	0.912663
0.0042	0.71	0.849464
0.0042	0.72	0.775603
0.0042	0.73	0.694793
0.0042	0.74	0.610726
0.0042	0.75	0.526788
0.0042	0.76	0.445857
0.0042	0.77	0.370168
0.0042	0.78	0.30127
0.0042	0.79	0.240051
0.0042	0.8	0.186828
0.0042	0.81	0.141464
0.0042	0.82	0.103502
0.0042	0.83	0.0722915
0.0042	0.84	0.0470887
0.0042	0.85	0.0271372
0.0042	0.86	0.011715
0.0042	0.87	0.000158491
0.0042	0.88	-0.00813067
0.0042	0.89	-0.01369
0.0042	0.9	-0.0170036
0.0042	0.91	-0.0185092
0.0042	0.92	-0.0186012
0.0042	0.93	-0.0176303
0.0042	0.94	-0.0159002
0.0042	0.95	-0.0136629
0.0042	0.96	-0.0111165
0.0042	0.97	-0.00840428
0.0042	0.98	-0.00561911
0.0042	0.99	-0.00281121
0.0042	1	0


0.0047	0	0
0.0047	0.01	-0.000377527
0.0047	0.02	-0.000715908
0.0047	0.03	-0.000955493
0.0047	0.04	-0.000994317
0.0047	0.05	-0.000664118
0.0047	0.06	0.00029589
0.0047	0.07	0.00226635
0.0047	0.08	0.00577363
0.0047	0.09	0.0115101
0.0047	0.1	0.020343
0.0047	0.11	0.0333065
0.0047	0.12	0.0515681
0.0047	0.13	0.0763673
0.0047	0.14	0.108921
0.0047	0.15	0.150299
0.0047	0.16	0.201275
0.0047	0.17	0.262166
0.0047	0.18	0.332685
0.0047	0.19	0.411808
0.0047	0.2	0.497715
0.0047	0.21	0.587781
0.0047	0.22	0.678668
0.0047	0.23	0.766502
0.0047	0.24	0.847132
0.0047	0.25	0.916443
0.0047	0.26	0.970706
0.0047	0.27	1.0069
0.0047	0.28	1.02301
0.0047	0.29	1.01818
0.0047	0.3	0.992827
0.0047	0.31	0.948559
0.0047	0.32	0.888037
0.0047	0.33	0.814706
0.0047	0.34	0.73248
0.0047	0.35	0.645406
0.0047	0.36	0.557349
0.0047	0.37	0.471725
0.0047	0.38	0.391315
0.0047	0.39	0.318161
0.0047	0.4	0.253546
0.0047	0.41	0.198042
0.0047	0.42	0.151619
0.0047	0.43	0.113775
0.0047	0.44	0.0836827
0.0047	0.45	0.0603288
0.0047	0.46	0.043595
0.0047	0.47	0.0314561
0.0047	0.48	0.0233891
0.0047	0.49	0.0187968
0.0047	0.5	0.017308
0.0047	0.51	0.0187968
0.0047	0.52	0.0233891
0.0047	0.53	0.0314561
0.0047	0.54	0.043595
0.0047	0.55	0.0603288
0.0047	0.56	0.0836827
0.0047	0.57	0.113775
0.0047	0.58	0.151619
0.0047	0.59	0.198042
0.0047	0.6	0.253546
0.0047	0.61	0.318161
0.0047	0.62	0.391315
0.0047	0.63	0.471725
0.0047	0.64	0.557349
0.0047	0.65	0.645406
0.0047	0.66	0.73248
0.0047	0.67	0.814706
0.0047	0.68	0.888037
0.0047	0.69	0.948559
0.0047	0.7	0.992827
0.0047	0.71	1.01818
0.0047	0.72	1.02301
0.0047	0.73	1.0069
0.0047	0.74	0.970706
0.0047	0.75	0.916443
0.0047	0.76	0.847132
0.0047	0.77	0.766502
0.0047	0.78	0.678668
0.0047	0.79	0.587781
0.0047	0.8	0.497715
0.0047	0.81	0.411808
0.0047	0.82	0.332685
0.0047	0.83	0.262166
0.0047	0.84	0.201275
0.0047	0.85	0.150299
0.0047	0.86	0.108921
0.0047	0.87	0.0763673
0.0047	0.88	0.0515681
0.0047	0.89	0.0333065
0.0047	0.9	0.020343
0.0047	0.91	0.0115101
0.0047	0.92	0.00577363
0.0047	0.93	0.00226635
0.0047	0.94	0.00029589
0.0047	0.95	-0.000664118
0.0047	0.96	-0.000994317
0.0047	0.97	-0.000955493
0.0047	0.98	-0.000715908
0.0047	0.99	-0.000377527
0.0047	1	0


0.0052	0	0
0.0052	0.01	0.00410141
0.0052	0.02	0.00884096
0.0052	0.03	0.0148938
0.0052	0.04	0.0230041
0.0052	0.05	0.034006
0.0052	0.06	0.0488291
0.0052	0.07	0.0684825
0.0052	0.08	0.094013
0.0052	0.09	0.126436
0.0052	0.1	0.166638
0.0052	0.11	0.215261
0.0052	0.12	0.272563
0.0052	0.13	0.3383
0.0052	0.14	0.411604
0.0052	0.15	0.490921
0.0052	0.16	0.573999
0.0052	0.17	0.657944
0.0052	0.18	0.739367
0.0052	0.19	0.814589
0.0052	0.2	0.879914
0.0052	0.21	0.93193
0.0052	0.22	0.967801
0.0052	0.23	0.985528
0.0052	0.24	0.984135
0.0052	0.25	0.963755
0.0052	0.26	0.925614
0.0052	0.27	0.871912
0.0052	0.28	0.805606
0.0052	0.29	0.730148
0.0052	0.3	0.649187
0.0052	0.31	0.566282
0.0052	0.32	0.484658
0.0052	0.33	0.407017
0.0052	0.34	0.335432
0.0052	0.35	0.271298
0.0052	0.36	0.215367
0.0052	0.37	0.167819
0.0052	0.38	0.128372
0.0052	0.39	0.0964061
0.0052	0.4	0.0710855
0.0052	0.41	0.0514677
0.0052	0.42	0.0365931
0.0052	0.43	0.0255507
0.0052	0.44	0.0175216
0.0052	0.45	0.0118015
0.0052	0.46	0.00780742
0.0052	0.47	0.00507346
0.0052	0.48	0.00323845
0.0052	0.49	0.00203053
0.0052	0.5	0.000986058
0.0052	0.51	0.00203053
0.0052	0.52	0.00323845
0.0052	0.53	0.00507346
0.0052	0.54	0.00780742
0.0052	0.55	0.0118015
0.0052	0.56	0.0175216
0.0052	0.57	0.0255507
0.0052	0.58	0.0365931
0.0052	0.59	0.0514677
0.0052	0.6	0.0710855
0.0052	0.61	0.0964061
0.0052	0.62	0.128372
0.0052	0.63	0.167819
0.0052	0.64	0.215367
0.0052	0.65	0.271298
0.0052	0.66	0.335432
0.0052	0.67	0.407017
0.0052	0.68	0.484658
0.0052	0.69	0.566282
0.0052	0.7	0.649187
0.0052	0.71	0.730148
0.0052	0.72	0.805606
0.0052	0.73	0.871912
0.0052	0.74	0.925614
0.0052	0.75	0.963755
0.0052	0.76	0.984135
0.0052	0.77	0.985528
0.0052	0.78	0.967801
0.0052	0.79	0.93193
0.0052	0.8	0.879914
0.0052	0.81	0.814589
0.0052	0.82	0.739367
0.0052	0.83	0.657944
0.0052	0.84	0.573999
0.0052	0.85	0.490921
0.0052	0.86	0.411604
0.0052	0.87	0.3383
0.0052	0.88	0.272563
0.0052	0.89	0.215261
0.0052	0.9	0.166638
0.0052	0.91	0.126436
0.0052	0.92	0.094013
0.0052	0.93	0.0684825
0.0052	0.94	0.0488291
0.0052	0.95	0.034006
0.0052	0.96	0.0230041
0.0052	0.97	0.0148938
0.0052	0.98	0.00884096
0.0052	0.99	0.00410141
0.0052	1	0


0.0057	0	0
0.0057	0.01	0.0262026
0.0057	0.02	0.0543046
0.0057	0.03	0.0861275
0.0057	0.04	0.123329
0.0057	0.05	0.167303
0.0057	0.06	0.219066
0.0057	0.07	0.279138
0.0057	0.08	0.34742
0.0057	0.09	0.423098
0.0057	0.1	0.504584
0.0057	0.11	0.589521
0.0057	0.12	0.674859
0.0057	0.13	0.757013
0.0057	0.14	0.832104
0.0057	0.15	0.896254
0.0057	0.16	0.945916
0.0057	0.17	0.978198
0.0057	0.18	0.991144
0.0057	0.19	0.98393
0.0057	0.2	0.956961
0.0057	0.21	0.911832
0.0057	0.22	0.851188
0.0057	0.23	0.778471
0.0057	0.24	0.697605
0.0057	0.25	0.612658
0.0057	0.26	0.527505
0.0057	0.27	0.445554
0.0057	0.28	0.369534
0.0057	0.29	0.301383
0.0057	0.3	0.242226
0.0057	0.31	0.192422
0.0057	0.32	0.151693
0.0057	0.33	0.119271
0.0057	0.34	0.0940737
0.0057	0.35	0.0748658
0.0057	0.36	0.0604008
0.0057	0.37	0.049526
0.0057	0.38	0.0412534
0.0057	0.39	0.0347923
0.0057	0.4	0.029554
0.0057	0.41	0.0251327
0.0057	0.42	0.0212737
0.0057	0.43	0.0178358
0.0057	0.44	0.0147539
0.0057	0.45	0.0117428
0.0057	0.46	0.00990329
0.0057	0.47	0.00837542
0.0057	0.48	0.00723505
0.0057	0.49	0.00653222
0.0057	0.5	0.00629495
0.0057	0.51	0.00653222
0.0057	0.52	0.00723505
0.0057	0.53	0.00837542
0.0057	0.54	0.00990329
0.0057	0.55	0.0117428
0.0057	0.56	0.0147539
0.0057	0.57	0.0178358
0.0057	0.58	0.0212737
0.0057	0.59	0.0251327
0.0057	0.6	0.029554
0.0057	0.61	0.0347923
0.0057	0.62	0.0412534
0.0057	0.63	0.049526
0.0057	0.64	0.0604008
0.0057	0.65	0.0748658
0.0057	0.66	0.0940737
0.0057	0.67	0.119271
0.0057	0.68	0.151693
0.0057	0.69	0.192422
0.0057	0.7	0.242226
0.0057	0.71	0.301383
0.0057	0.72	0.369534
0.0057	0.73	0.445554
0.0057	0.74	0.527505
0.0057	0.75	0.612658
0.0057	0.76	0.697605
0.0057	0.77	0.778471
0.0057	0.78	0.851188
0.0057	0.79	0.911832
0.0057	0.8	0.956961
0.0057	0.81	0.98393
0.0057	0.82	0.991144
0.0057	0.83	0.978198
0.0057	0.84	0.945916
0.0057	0.85	0.896254
0.0057	0.86	0.832104
0.0057	0.87	0.757013
0.0057	0.88	0.674859
0.0057	0.89	0.589521
0.0057	0.9	0.504584
0.0057	0.91	0.423098
0.0057	0.92	0.34742
0.0057	0.93	0.279138
0.0057	0.94	0.219066
0.0057	0.95	0.167303
0.0057	0.96	0.123329
0.0057	0.97	0.0861275
0.0057	0.98	0.0543046
0.0057	0.99	0.0262026
0.0057	1	0


0.0062	0	0
0.0062	0.01	0.0916358
0.0062	0.02	0.18417
0.0062	0.03	0.278221
0.0062	0.04	0.373891
0.0062	0.05	0.470578
0.0062	0.06	0.566895
0.0062	0.07	0.660681
0.0062	0.08	0.749127
0.0062	0.09	0.828997
0.0062	0.1	0.896918
0.0062	0.11	0.949721
0.0062	0.12	0.984773
0.0062	0.13	1.00026
0.0062	0.14	0.995424
0.0062	0.15	0.970624
0.0062	0.16	0.927355
0.0062	0.17	0.868103
0.0062	0.18	0.796116
0.0062	0.19	0.71512
0.0062	0.2	0.628997
0.0062	0.21	0.541491
0.0062	0.22	0.455951
0.0062	0.23	0.375149
0.0062	0.24	0.301179
0.0062	0.25	0.235432
0.0062	0.26	0.17864
0.0062	0.27	0.13097
0.0062	0.28	0.0921362
0.0062	0.29	0.061531
0.0062	0.3	0.038337
0.0062	0.31	0.0216243
0.0062	0.32	0.0104224
0.0062	0.33	0.00376963
0.0062	0.34	0.000744039
0.0062	0.35	0.000481613
0.0062	0.36	0.00218799
0.0062	0.37	0.00514794
0.0062	0.38	0.00873498
0.0062	0.39	0.0124215
0.0062	0.4	0.0155231
0.0062	0.41	0.0188363
0.0062	0.42	0.0213084
0.0062	0.43	0.0229377
0.0062	0.44	0.023803
0.0062	0.45	0.0240475
0.0062	0.46	0.0238575
0.0062	0.47	0.0234353
0.0062	0.48	0.0229727
0.0062	0.49	0.0226267
0.0062	0.5	0.0224995
0.0062	0.51	0.0226267
0.0062	0.52	0.0229727
0.0062	0.53	0.0234353
0.0062	0.54	0.0238575
0.0062	0.55	0.0240475
0.0062	0.56	0.023803
0.0062	0.57	0.0229377
0.0062	0.58	0.0213084
0.0062	0.59	0.0188363
0.0062	0.6	0.0155231
0.0062	0.61	0.0124215
0.0062	0.62	0.00873498
0.0062	0.63	0.00514794
0.0062	0.64	0.00218799
0.0062	0.65	0.000481613
0.0062	0.66	0.000744039
0.0062	0.67	0.00376963
0.0062	0.68	0.0104224
0.0062	0.69	0.0216243
0.0062	0.7	0.038337
0.0062	0.71	0.061531
0.0062	0.72	0.0921362
0.0062	0.73	0.13097
0.0062	0.74	0.17864
0.0062	0.75	0.235432
0.0062	0.76	0.301179
0.0062	0.77	0.375149
0.0062	0.78	0.455951
0.0062	0.79	0.541491
0.0062	0.8	0.628997
0.0062	0.81	0.71512
0.0062	0.82	0.796116
0.0062	0.83	0.868103
0.0062	0.84	0.927355
0.0062	0.85	0.970624
0.0062	0.86	0.995424
0.0062	0.87	1.00026
0.0062	0.88	0.984773
0.0062	0.89	0.949721
0.0062	0.9	0.896918
0.0062	0.91	0.828997
0.0062	0.92	0.749127
0.0062	0.93	0.660681
0.0062	0.94	0.566895
0.0062	0.95	0.470578
0.0062	0.96	0.373891
0.0062	0.97	0.278221
0.0062	0.98	0.18417
0.0062	0.99	0.0916358
0.0062	1	0


0.0067	0	0
0.0067	0.01	0.166801
0.0067	0.02	0.328155
0.0067	0.03	0.47883
0.0067	0.04	0.614032
0.0067	0.05	0.729615
0.0067	0.06	0.822291
0.0067	0.07	0.889804
0.0067	0.08	0.931065
0.0067	0.09	0.946218
0.0067	0.1	0.936618
0.0067	0.11	0.904728
0.0067	0.12	0.853925
0.0067	0.13	0.788231
0.0067	0.14	0.712013
0.0067	0.15	0.629661
0.0067	0.16	0.545297
0.0067	0.17	0.462526
0.0067	0.18	0.384269
0.0067	0.19	0.312673
0.0067	0.2	0.249094
0.0067	0.21	0.194163
0.0067	0.22	0.147884
0.0067	0.23	0.109782
0.0067	0.24	0.0790458
0.0067	0.25	0.0546765
0.0067	0.26	0.0356102
0.0067	0.27	0.0208194
0.0067	0.28	0.00938477
0.0067	0.29	0.000539123
0.0067	0.3	-0.00631259
0.0067	0.31	-0.0115943
0.0067	0.32	-0.0155755
0.0067	0.33	-0.0184
0.0067	0.34	-0.0201212
0.0067	0.35	-0.0210058
0.0067	0.36	-0.0199401
0.0067	0.37	-0.0177952
0.0067	0.38	-0.014546
0.0067	0.39	-0.0102453
0.0067	0.4	-0.0050249
0.0067	0.41	0.000912793
0.0067	0.42	0.00730953
0.0067	0.43	0.0138719
0.0067	0.44	0.0202942
0.0067	0.45	0.0262798
0.0067	0.46	0.0315597
0.0067	0.47	0.0359057
0.0067	0.48	0.039138
0.0067	0.49	0.0411282
0.0067	0.5	0.0418001
0.0067	0.51	0.0411282
0.0067	0.52	0.039138
0.0067	0.53	0.0359057
0.0067	0.54	0.0315597
0.0067	0.55	0.0262798
0.0067	0.56	0.0202942
0.0067	0.57	0.0138719
0.0067	0.58	0.00730953
0.0067	0.59	0.000912793
0.0067	0.6	-0.0050249
0.0067	0.61	-0.0102453
0.0067	0.62	-0.014546
0.0067	0.63	-0.0177952
0.0067	0.64	-0.0199401
0.0067	0.65	-0.0210058
0.0067	0.66	-0.0201212
0.0067	0.67	-0.0184
0.0067	0.68	-0.0155755
0.0067	0.69	-0.0115943
0.0067	0.7	-0.00631259
0.0067	0.71	0.000539123
0.0067	0.72	0.00938477
0.0067	0.73	0.0208194
0.0067	0.74	0.0356102
0.0067	0.75	0.0546765
0.0067	0.76	0.0790458
0.0067	0.77	0.109782
0.0067	0.78	0.147884
0.0067	0.79	0.194163
0.0067	0.8	0.249094
0.0067	0.81	0.312673
0.0067	0.82	0.384269
0.0067	0.83	0.462526
0.0067	0.84	0.545297
0.0067	0.85	0.629661
0.0067	0.86	0.712013
0.0067	0.87	0.788231
0.0067	0.88	0.853925
0.0067	0.89	0.904728
0.0067	0.9	0.936618
0.0067	0.91	0.946218
0.0067	0.92	0.931065
0.0067	0.93	0.889804
0.0067	0.94	0.822291
0.0067	0.95	0.729615
0.0067	0.96	0.614032
0.0067	0.97	0.47883
0.0067	0.98	0.328155
0.0067	0.99	0.166801
0.0067	1	0


0.0072	0	0
0.0072	0.01	0.116623
0.0072	0.02	0.226804
0.0072	0.03	0.324689
0.0072	0.04	0.405526
0.0072	0.05	0.46604
0.0072	0.06	0.504635
0.0072	0.07	0.521399
0.0072	0.08	0.517934
0.0072	0.09	0.497048
0.0072	0.1	0.462359
0.0072	0.11	0.417867
0.0072	0.12	0.367557
0.0072	0.13	0.315071
0.0072	0.14	0.263466
0.0072	0.15	0.215088
0.0072	0.16	0.171536
0.0072	0.17	0.133706
0.0072	0.18	0.101896
0.0072	0.19	0.0759387
0.0072	0.2	0.0553406
0.0072	0.21	0.0394157
0.0072	0.22	0.027394
0.0072	0.23	0.018505
0.0072	0.24	0.0120331
0.0072	0.25	0.00735036
0.0072	0.26	0.00392839
0.0072	0.27	0.00133891
0.0072	0.28	-0.00075434
0.0072	0.29	-0.0026064
0.0072	0.3	-0.00466631
0.0072	0.31	-0.00595427
0.0072	0.32	-0.00739822
0.0072	0.33	-0.00893087
0.0072	0.34	-0.0104503
0.0072	0.35	-0.0118191
0.0072	0.36	-0.0128695
0.0072	0.37	-0.0134139
0.0072	0.38	-0.0132631
0.0072	0.39	-0.0122485
0.0072	0.4	-0.0102491
0.0072	0.41	-0.00721674
0.0072	0.42	-0.00319792
0.0072	0.43	0.00165422
0.0072	0.44	0.00707991
0.0072	0.45	0.0127277
0.0072	0.46	0.0181835
0.0072	0.47	0.0230122
0.0072	0.48	0.0268049
0.0072	0.49	0.0292272
0.0072	0.5	0.0300601
0.0072	0.51	0.0292272
0.0072	0.52	0.0268049
0.0072	0.53	0.0230122
0.0072	0.54	0.0181835
0.0072	0.55	0.0127277
0.0072	0.56	0.00707991
0.0072	0.57	0.00165422
0.0072	0.58	-0.00319792
0.0072	0.59	-0.00721674
0.0072	0.6	-0.0102491
0.0072	0.61	-0.0122485
0.0072	0.62	-0.0132631
0.0072	0.63	-0.0134139
0.0072	0.64	-0.0128695
0.0072	0.65	-0.0118191
0.0072	0.66	-0.0104503
0.0072	0.67	-0.00893087
0.0072	0.68	-0.00739822
0.0072	0.69	-0.00595427
0.0072	0.7	-0.00466631
0.0072	0.71	-0.0026064
0.0072	0.72	-0.00075434
0.0072	0.73	0.00133891
0.0072	0.74	0.00392839
0.0072	0.75	0.00735036
0.0072	0.76	0.0120331
0.0072	0.77	0.018505
0.0072	0.78	0.027394
0.0072	0.79	0.0394157
0.0072	0.8	0.0553406
0.0072	0.81	0.0759387
0.0072	0.82	0.101896
0.0072	0.83	0.133706
0.0072	0.84	0.171536
0.0072	0.85	0.215088
0.0072	0.86	0.263466
0.0072	0.87	0.315071
0.0072	0.88	0.367557
0.0072	0.89	0.417867
0.0072	0.9	0.462359
0.0072	0.91	0.497048
0.0072	0.92	0.517934
0.0072	0.93	0.521399
0.0072	0.94	0.504635
0.0072	0.95	0.46604
0.0072	0.96	0.405526
0.0072	0.97	0.324689
0.0072	0.98	0.226804
0.0072	0.99	0.116623
0.0072	1	0


0.0077	0	0
0.0077	0.01	-0.067692
0.0077	0.02	-0.131445
0.0077	0.03	-0.187701
0.0077	0.04	-0.233607
0.0077	0.05	-0.267256
0.0077	0.06	-0.287801
0.0077	0.07	-0.295443
0.0077	0.08	-0.291306
0.0077	0.09	-0.277226
0.0077	0.1	-0.25549
0.0077	0.11	-0.228557
0.0077	0.12	-0.19882
0.0077	0.13	-0.168401
0.0077	0.14	-0.139026
0.0077	0.15	-0.111962
0.0077	0.16	-0.0880146
0.0077	0.17	-0.0675745
0.0077	0.18	-0.0506935
0.0077	0.19	-0.0371735
0.0077	0.2	-0.0266556
0.0077	0.21	-0.0186982
0.0077	0.22	-0.012839
0.0077	0.23	-0.00863981
0.0077	0.24	-0.0057135
0.0077	0.25	-0.00400219
0.0077	0.26	-0.00214875
0.0077	0.27	-0.000823615
0.0077	0.28	0.000189323
0.0077	0.29	0.00104377
0.0077	0.3	0.00184385
0.0077	0.31	0.00265319
0.0077	0.32	0.0035005
0.0077	0.33	0.00438263
0.0077	0.34	0.00526636
0.0077	0.35	0.0060904
0.0077	0.36	0.00676912
0.0077	0.37	0.0071991
0.0077	0.38	0.00726936
0.0077	0.39	0.006875
0.0077	0.4	0.00593346
0.0077	0.41	0.00440126
0.0077	0.42	0.00228876
0.0077	0.43	-0.000330093
0.0077	0.44	-0.00331546
0.0077	0.45	-0.00646875
0.0077	0.46	-0.00954921
0.0077	0.47	-0.0122987
0.0077	0.48	-0.0144715
0.0077	0.49	-0.0158648
0.0077	0.5	-0.0163447
0.0077	0.51	-0.0158648
0.0077	0.52	-0.0144715
0.0077	0.53	-0.0122987
0.0077	0.54	-0.00954921
0.0077	0.55	-0.00646875
0.0077	0.56	-0.00331546
0.0077	0.57	-0.000330093
0.0077	0.58	0.00228876
0.0077	0.59	0.00440126
0.0077	0.6	0.00593346
0.0077	0.61	0.006875
0.0077	0.62	0.00726936
0.0077	0.63	0.0071991
0.0077	0.64	0.00676912
0.0077	0.65	0.0060904
0.0077	0.66	0.00526636
0.0077	0.67	0.00438263
0.0077	0.68	0.0035005
0.0077	0.69	0.00265319
0.0077	0.7	0.00184385
0.0077	0.71	0.00104377
0.0077	0.72	0.000189323
0.0077	0.73	-0.000823615
0.0077	0.74	-0.00214875
0.0077	0.75	-0.00400219
0.0077	0.76	-0.0057135
0.0077	0.77	-0.00863981
0.0077	0.78	-0.012839
0.0077	0.79	-0.0186982
0.0077	0.8	-0.0266556
0.0077	0.81	-0.0371735
0.0077	0.82	-0.0506935
0.0077	0.83	-0.0675745
0.0077	0.84	-0.0880146
0.0077	0.85	-0.111962
0.0077	0.86	-0.139026
0.0077	0.87	-0.168401
0.0077	0.88	-0.19882
0.0077	0.89	-0.228557
0.0077	0.9	-0.25549
0.0077	0.91	-0.277226
0.0077	0.92	-0.291306
0.0077	0.93	-0.295443
0.0077	0.94	-0.287801
0.0077	0.95	-0.267256
0.0077	0.96	-0.233607
0.0077	0.97	-0.187701
0.0077	0.98	-0.131445
0.0077	0.99	-0.067692
0.0077	1	0


0.0082	0	0
0.0082	0.01	-0.170818
0.0082	0.02	-0.334546
0.0082	0.03	-0.48455
0.0082	0.04	-0.61506
0.0082	0.05	-0.721529
0.0082	0.06	-0.800884
0.0082	0.07	-0.851664
0.0082	0.08	-0.874035
0.0082	0.09	-0.869681
0.0082	0.1	-0.841577
0.0082	0.11	-0.793682
0.0082	0.12	-0.730574
0.0082	0.13	-0.65707
0.0082	0.14	-0.577866
0.0082	0.15	-0.497234
0.0082	0.16	-0.418792
0.0082	0.17	-0.345365
0.0082	0.18	-0.278937
0.0082	0.19	-0.220678
0.0082	0.2	-0.171305
0.0082	0.21	-0.129579
0.0082	0.22	-0.0957921
0.0082	0.23	-0.0690091
0.0082	0.24	-0.0481629
0.0082	0.25	-0.0321621
0.0082	0.26	-0.0199734
0.0082	0.27	-0.0106774
0.0082	0.28	-0.00350284
0.0082	0.29	0.00215926
0.0082	0.3	0.00675452
0.0082	0.31	0.0105746
0.0082	0.32	0.0137737
0.0082	0.33	0.0163895
0.0082	0.34	0.018369
0.0082	0.35	0.0195964
0.0082	0.36	0.0199239
0.0082	0.37	0.0192032
0.0082	0.38	0.0173156
0.0082	0.39	0.0141994
0.0082	0.4	0.00987071
0.0082	0.41	0.00443665
0.0082	0.42	-0.00190169
0.0082	0.43	-0.00885639
0.0082	0.44	-0.0160697
0.0082	0.45	-0.0231389
0.0082	0.46	-0.029647
0.0082	0.47	-0.035195
0.0082	0.48	-0.0394337
0.0082	0.49	-0.0420919
0.0082	0.5	-0.0429976
0.0082	0.51	-0.0420919
0.0082	0.52	-0.0394337
0.0082	0.53	-0.035195
0.0082	0.54	-0.029647
0.0082	0.55	-0.0231389
0.0082	0.56	-0.0160697
0.0082	0.57	-0.00885639
0.0082	0.58	-0.00190169
0.0082	0.59	0.00443665
0.0082	0.6	0.00987071
0.0082	0.61	0.0141994
0.0082	0.62	0.0173156
0.0082	0.63	0.0192032
0.0082	0.64	0.0199239
0.0082	0.65	0.0195964
0.0082	0.66	0.018369
0.0082	0.67	0.0163895
0.0082	0.68	0.0137737
0.0082	0.69	0.0105746
0.0082	0.7	0.00675452
0.0082	0.71	0.00215926
0.0082	0.72	-0.00350284
0.0082	0.73	-0.0106774
0.0082	0.74	-0.0199734
0.0082	0.75	-0.0321621
0.0082	0.76	-0.0481629
0.0082	0.77	-0.0690091
0.0082	0.78	-0.0957921
0.0082	0.79	-0.129579
0.0082	0.8	-0.171305
0.0082	0.81	-0.220678
0.0082	0.82	-0.278937
0.0082	0.83	-0.345365
0.0082	0.84	-0.418792
0.0082	0.85	-0.497234
0.0082	0.86	-0.577866
0.0082	0.87	-0.65707
0.0082	0.88	-0.730574
0.0082	0.89	-0.793682
0.0082	0.9	-0.841577
0.0082	0.91	-0.869681
0.0082	0.92	-0.874035
0.0082	0.93	-0.851664
0.0082	0.94	-0.800884
0.0082	0.95	-0.721529
0.0082	0.96	-0.61506
0.0082	0.97	-0.48455
0.0082	0.98	-0.334546
0.0082	0.99	-0.170818
0.0082	1	0


0.0087	0	0
0.0087	0.01	-0.118132
0.0087	0.02	-0.235669
0.0087	0.03	-0.351788
0.0087	0.04	-0.465257
0.0087	0.05	-0.574321
0.0087	0.06	-0.676699
0.0087	0.07	-0.769678
0.0087	0.08	-0.850314
0.0087	0.09	-0.915699
0.0087	0.1	-0.963273
0.0087	0.11	-0.991118
0.0087	0.12	-0.998209
0.0087	0.13	-0.984571
0.0087	0.14	-0.951333
0.0087	0.15	-0.90092
0.0087	0.16	-0.835247
0.0087	0.17	-0.758792
0.0087	0.18	-0.675385
0.0087	0.19	-0.588855
0.0087	0.2	-0.50274
0.0087	0.21	-0.420067
0.0087	0.22	-0.343203
0.0087	0.23	-0.2738
0.0087	0.24	-0.212805
0.0087	0.25	-0.160548
0.0087	0.26	-0.116856
0.0087	0.27	-0.0811948
0.0087	0.28	-0.0528089
0.0087	0.29	-0.0308376
0.0087	0.3	-0.0144096
0.0087	0.31	-0.00270263
0.0087	0.32	0.00502528
0.0087	0.33	0.00943014
0.0087	0.34	0.0110923
0.0087	0.35	0.0105348
0.0087	0.36	0.00824217
0.0087	0.37	0.00467292
0.0087	0.38	0.000263799
0.0087	0.39	-0.00457566
0.0087	0.4	-0.009476
0.0087	0.41	-0.0141244
0.0087	0.42	-0.0182806
0.0087	0.43	-0.021788
0.0087	0.44	-0.0245771
0.0087	0.45	-0.0266581
0.0087	0.46	-0.028106
0.0087	0.47	-0.0290367
0.0087	0.48	-0.0295799
0.0087	0.49	-0.029852
0.0087	0.5	-0.0299331
0.0087	0.51	-0.029852
0.0087	0.52	-0.0295799
0.0087	0.53	-0.0290367
0.0087	0.54	-0.028106
0.0087	0.55	-0.0266581
0.0087	0.56	-0.0245771
0.0087	0.57	-0.021788
0.0087	0.58	-0.0182806
0.0087	0.59	-0.0141244
0.0087	0.6	-0.009476
0.0087	0.61	-0.00457566
0.0087	0.62	0.000263799
0.0087	0.63	0.00467292
0.0087	0.64	0.00824217
0.0087	0.65	0.0105348
0.0087	0.66	0.0110923
0.0087	0.67	0.00943014
0.0087	0.68	0.00502528
0.0087	0.69	-0.00270263
0.0087	0.7	-0.0144096
0.0087	0.71	-0.0308376
0.0087	0.72	-0.0528089
0.0087	0.73	-0.0811948
0.0087	0.74	-0.116856
0.0087	0.75	-0.160548
0.0087	0.76	-0.212805
0.0087	0.77	-0.2738
0.0087	0.78	-0.343203
0.0087	0.79	-0.420067
0.0087	0.8	-0.50274
0.0087	0.81	-0.588855
0.0087	0.82	-0.675385
0.0087	0.83	-0.758792
0.0087	0.84	-0.835247
0.0087	0.85	-0.90092
0.0087	0.86	-0.951333
0.0087	0.87	-0.984571
0.0087	0.88	-0.998209
0.0087	0.89	-0.991118
0.0087	0.9	-0.963273
0.0087	0.91	-0.915699
0.0087	0.92	-0.850314
0.0087	0.93	-0.769678
0.0087	0.94	-0.676699
0.0087	0.95	-0.574321
0.0087	0.96	-0.465257
0.0087	0.97	-0.351788
0.0087	0.98	-0.235669
0.0087	0.99	-0.118132
0.0087	1	0


0.0092	0	0
0.0092	0.01	-0.0406244
0.0092	0.02	-0.0833433
0.0092	0.03	-0.130095
0.0092	0.04	-0.182507
0.0092	0.05	-0.241744
0.0092	0.06	-0.308367
0.0092	0.07	-0.382214
0.0092	0.08	-0.462324
0.0092	0.09	-0.546909
0.0092	0.1	-0.633664
0.0092	0.11	-0.718263
0.0092	0.12	-0.797895
0.0092	0.13	-0.868629
0.0092	0.14	-0.926689
0.0092	0.15	-0.96878
0.0092	0.16	-0.992394
0.0092	0.17	-0.996047
0.0092	0.18	-0.979434
0.0092	0.19	-0.943461
0.0092	0.2	-0.890163
0.0092	0.21	-0.822523
0.0092	0.22	-0.744195
0.0092	0.23	-0.659185
0.0092	0.24	-0.57153
0.0092	0.25	-0.484988
0.0092	0.26	-0.402796
0.0092	0.27	-0.327501
0.0092	0.28	-0.260867
0.0092	0.29	-0.203872
0.0092	0.3	-0.156768
0.0092	0.31	-0.119188
0.0092	0.32	-0.0902956
0.0092	0.33	-0.0689346
0.0092	0.34	-0.0537823
0.0092	0.35	-0.043482
0.0092	0.36	-0.0367509
0.0092	0.37	-0.0324585
0.0092	0.38	-0.0296735
0.0092	0.39	-0.0276842
0.0092	0.4	-0.025994
0.0092	0.41	-0.0243005
0.0092	0.42	-0.0224621
0.0092	0.43	-0.0204597
0.0092	0.44	-0.0183579
0.0092	0.45	-0.0162702
0.0092	0.46	-0.0143293
0.0092	0.47	-0.0126654
0.0092	0.48	-0.011391
0.0092	0.49	-0.0105912
0.0092	0.5	-0.0103187
0.0092	0.51	-0.0105912
0.0092	0.52	-0.011391
0.0092	0.53	-0.0126654
0.0092	0.54	-0.0143293
0.0092	0.55	-0.0162702
0.0092	0.56	-0.0183579
0.0092	0.57	-0.0204597
0.0092	0.58	-0.0224621
0.0092	0.59	-0.0243005
0.0092	0.6	-0.025994
0.0092	0.61	-0.0276842
0.0092	0.62	-0.0296735
0.0092	0.63	-0.0324585
0.0092	0.64	-0.0367509
0.0092	0.65	-0.043482
0.0092	0.66	-0.0537823
0.0092	0.67	-0.0689346
0.0092	0.68	-0.0902956
0.0092	0.69	-0.119188
0.0092	0.7	-0.156768
0.0092	0.71	-0.203872
0.0092	0.72	-0.260867
0.0092	0.73	-0.327501
0.0092	0.74	-0.402796
0.0092	0.75	-0.484988
0.0092	0.76	-0.57153
0.0092	0.77	-0.659185
0.0092	0.78	-0.744195
0.0092	0.79	-0.822523
0.0092	0.8	-0.890163
0.0092	0.81	-0.943461
0.0092	0.82	-0.979434
0.0092	0.83	-0.996047
0.0092	0.84	-0.992394
0.0092	0.85	-0.96878
0.0092	0.86	-0.926689
0.0092	0.87	-0.868629
0.0092	0.88	-0.797895
0.0092	0.89	-0.718263
0.0092	0.9	-0.633664
0.0092	0.91	-0.546909
0.0092	0.92	-0.462324
0.0092	0.93	-0.382214
0.0092	0.94	-0.308367
0.0092	0.95	-0.241744
0.0092	0.96	-0.182507
0.0092	0.97	-0.130095
0.0092	0.98	-0.0833433
0.0092	0.99	-0.0406244
0.0092	1	0


0.0097	0	0
0.0097	0.01	-0.00772723
0.0097	0.02	-0.0164501
0.0097	0.03	-0.0271929
0.0097	0.04	-0.0410278
0.0097	0.05	-0.0593428
0.0097	0.06	-0.0821889
0.0097	0.07	-0.111561
0.0097	0.08	-0.148411
0.0097	0.09	-0.193497
0.0097	0.1	-0.247251
0.0097	0.11	-0.309642
0.0097	0.12	-0.380053
0.0097	0.13	-0.457187
0.0097	0.14	-0.539036
0.0097	0.15	-0.622907
0.0097	0.16	-0.70554
0.0097	0.17	-0.783298
0.0097	0.18	-0.852429
0.0097	0.19	-0.909363
0.0097	0.2	-0.951027
0.0097	0.21	-0.975123
0.0097	0.22	-0.980345
0.0097	0.23	-0.966501
0.0097	0.24	-0.934528
0.0097	0.25	-0.886383
0.0097	0.26	-0.824856
0.0097	0.27	-0.753295
0.0097	0.28	-0.675311
0.0097	0.29	-0.594474
0.0097	0.3	-0.51406
0.0097	0.31	-0.436844
0.0097	0.32	-0.364985
0.0097	0.33	-0.299971
0.0097	0.34	-0.242649
0.0097	0.35	-0.193297
0.0097	0.36	-0.151731
0.0097	0.37	-0.117431
0.0097	0.38	-0.0896581
0.0097	0.39	-0.0675646
0.0097	0.4	-0.0502762
0.0097	0.41	-0.0369558
0.0097	0.42	-0.0268433
0.0097	0.43	-0.0192765
0.0097	0.44	-0.0136983
0.0097	0.45	-0.00965456
0.0097	0.46	-0.00678568
0.0097	0.47	-0.0048164
0.0097	0.48	-0.00354523
0.0097	0.49	-0.00283526
0.0097	0.5	-0.00260725
0.0097	0.51	-0.00283526
0.0097	0.52	-0.00354523
0.0097	0.53	-0.0048164
0.0097	0.54	-0.00678568
0.0097	0.55	-0.00965456
0.0097	0.56	-0.0136983
0.0097	0.57	-0.0192765
0.0097	0.58	-0.0268433
0.0097	0.59	-0.0369558
0.0097	0.6	-0.0502762
0.0097	0.61	-0.0675646
0.0097	0.62	-0.0896581
0.0097	0.63	-0.117431
0.0097	0.64	-0.151731
0.0097	0.65	-0.193297
0.0097	0.66	-0.242649
0.0097	0.67	-0.299971
0.0097	0.68	-0.364985
0.0097	0.69	-0.436844
0.0097	0.7	-0.51406
0.0097	0.71	-0.594474
0.0097	0.72	-0.675311
0.0097	0.73	-0.753295
0.0097	0.74	-0.824856
0.0097	0.75	-0.886383
0.0097	0.76	-0.934528
0.0097	0.77	-0.966501
0.0097	0.78	-0.980345
0.0097	0.79	-0.975123
0.0097	0.8	-0.951027
0.0097	0.81	-0.909363
0.0097	0.82	-0.852429
0.0097	0.83	-0.783298
0.0097	0.84	-0.70554
0.0097	0.85	-0.622907
0.0097	0.86	-0.539036
0.0097	0.87	-0.457187
0.0097	0.88	-0.380053
0.0097	0.89	-0.309642
0.0097	0.9	-0.247251
0.0097	0.91	-0.193497
0.0097	0.92	-0.148411
0.0097	0.93	-0.111561
0.0097	0.94	-0.0821889
0.0097	0.95	-0.0593428
0.0097	0.96	-0.0410278
0.0097	0.97	-0.0271929
0.0097	0.98	-0.0164501
0.0097	0.99	-0.00772723
0.0097	1	0


0.0102	0	0
0.0102	0.01	-0.000536666
0.0102	0.02	-0.00102477
0.0102	0.03	-0.0018655
0.0102	0.04	-0.00326216
0.0102	0.05	-0.00550651
0.0102	0.06	-0.00900243
0.0102	0.07	-0.0142886
0.0102	0.08	-0.0220559
0.0102	0.09	-0.033155
0.0102	0.1	-0.0485861
0.0102	0.11	-0.0694655
0.0102	0.12	-0.0969636
0.0102	0.13	-0.132211
0.0102	0.14	-0.176171
0.0102	0.15	-0.229498
0.0102	0.16	-0.292371
0.0102	0.17	-0.36435
0.0102	0.18	-0.444254
0.0102	0.19	-0.530103
0.0102	0.2	-0.619127
0.0102	0.21	-0.707872
0.0102	0.22	-0.792399
0.0102	0.23	-0.868555
0.0102	0.24	-0.932308
0.0102	0.25	-0.9801
0.0102	0.26	-1.00917
0.0102	0.27	-1.01783
0.0102	0.28	-1.00561
0.0102	0.29	-0.973304
0.0102	0.3	-0.922912
0.0102	0.31	-0.857399
0.0102	0.32	-0.78043
0.0102	0.33	-0.696034
0.0102	0.34	-0.608257
0.0102	0.35	-0.520854
0.0102	0.36	-0.437049
0.0102	0.37	-0.359369
0.0102	0.38	-0.289574
0.0102	0.39	-0.228663
0.0102	0.4	-0.176957
0.0102	0.41	-0.134216
0.0102	0.42	-0.0997849
0.0102	0.43	-0.0727436
0.0102	0.44	-0.0520419
0.0102	0.45	-0.0366132
0.0102	0.46	-0.0254618
0.0102	0.47	-0.0177231
0.0102	0.48	-0.0127019
0.0102	0.49	-0.00989278
0.0102	0.5	-0.00899044
0.0102	0.51	-0.00989278
0.0102	0.52	-0.0127019
0.0102	0.53	-0.0177231
0.0102	0.54	-0.0254618
0.0102	0.55	-0.0366132
0.0102	0.56	-0.0520419
0.0102	0.57	-0.0727436
0.0102	0.58	-0.0997849
0.0102	0.59	-0.134216
0.0102	0.6	-0.176957
0.0102	0.61	-0.228663
0.0102	0.62	-0.289574
0.0102	0.63	-0.359369
0.0102	0.64	-0.437049
0.0102	0.65	-0.520854
0.0102	0.66	-0.608257
0.0102	0.67	-0.696034
0.0102	0.68	-0.78043
0.0102	0.69	-0.857399
0.0102	0.7	-0.922912
0.0102	0.71	-0.973304
0.0102	0.72	-1.00561
0.0102	0.73	-1.01783
0.0102	0.74	-1.00917
0.0102	0.75	-0.9801
0.0102	0.76	-0.932308
0.0102	0.77	-0.868555
0.0102	0.78	-0.792399
0.0102	0.79	-0.707872
0.0102	0.8	-0.619127
0.0102	0.81	-0.530103
0.0102	0.82	-0.444254
0.0102	0.83	-0.36435
0.0102	0.84	-0.292371
0.0102	0.85	-0.229498
0.0102	0.86	-0.176171
0.0102	0.87	-0.132211
0.0102	0.88	-0.0969636
0.0102	0.89	-0.0694655
0.0102	0.9	-0.0485861
0.0102	0.91	-0.033155
0.0102	0.92	-0.0220559
0.0102	0.93	-0.0142886
0.0102	0.94	-0.00900243
0.0102	0.95	-0.00550651
0.0102	0.96	-0.00326216
0.0102	0.97	-0.0018655
0.0102	0.98	-0.00102477
0.0102	0.99	-0.000536666
0.0102	1	0


0.0107	0	0
0.0107	0.01	0.00198695
0.0107	0.02	0.00402709
0.0107	0.03	0.00616174
0.0107	0.04	0.00840942
0.0107	0.05	0.0107567
0.0107	0.06	0.0121867
0.0107	0.07	0.0135726
0.0107	0.08	0.0143347
0.0107	0.09	0.0140631
0.0107	0.1	0.012246
0.0107	0.11	0.00826831
0.0107	0.12	0.00141414
0.0107	0.13	-0.00912293
0.0107	0.14	-0.024222
0.0107	0.15	-0.0448058
0.0107	0.16	-0.071798
0.0107	0.17	-0.106064
0.0107	0.18	-0.148336
0.0107	0.19	-0.199116
0.0107	0.2	-0.25857
0.0107	0.21	-0.326419
0.0107	0.22	-0.401834
0.0107	0.23	-0.483358
0.0107	0.24	-0.56888
0.0107	0.25	-0.655656
0.0107	0.26	-0.740415
0.0107	0.27	-0.819534
0.0107	0.28	-0.889278
0.0107	0.29	-0.94609
0.0107	0.3	-0.986894
0.0107	0.31	-1.00938
0.0107	0.32	-1.01221
0.0107	0.33	-0.995208
0.0107	0.34	-0.959318
0.0107	0.35	-0.906573
0.0107	0.36	-0.839884
0.0107	0.37	-0.762785
0.0107	0.38	-0.67912
0.0107	0.39	-0.592734
0.0107	0.4	-0.507191
0.0107	0.41	-0.425555
0.0107	0.42	-0.350249
0.0107	0.43	-0.282999
0.0107	0.44	-0.224857
0.0107	0.45	-0.176293
0.0107	0.46	-0.137323
0.0107	0.47	-0.10767
0.0107	0.48	-0.0869216
0.0107	0.49	-0.0746685
0.0107	0.5	-0.0706192
0.0107	0.51	-0.0746685
0.0107	0.52	-0.0869216
0.0107	0.53	-0.10767
0.0107	0.54	-0.137323
0.0107	0.55	-0.176293
0.0107	0.56	-0.224857
0.0107	0.57	-0.282999
0.0107	0.58	-0.350249
0.0107	0.59	-0.425555
0.0107	0.6	-0.507191
0.0107	0.61	-0.592734
0.0107	0.62	-0.67912
0.0107	0.63	-0.762785
0.0107	0.64	-0.839884
0.0107	0.65	-0.906573
0.0107	0.66	-0.959318
0.0107	0.67	-0.995208
0.0107	0.68	-1.01221
0.0107	0.69	-1.00938
0.0107	0.7	-0.986894
0.0107	0.71	-0.94609
0.0107	0.72	-0.889278
0.0107	0.73	-0.819534
0.0107	0.74	-0.740415
0.0107	0.75	-0.655656
0.0107	0.76	-0.56888
0.0107	0.77	-0.483358
0.0107	0.78	-0.401834
0.0107	0.79	-0.326419
0.0107	0.8	-0.25857
0.0107	0.81	-0.199116
0.0107	0.82	-0.148336
0.0107	0.83	-0.106064
0.0107	0.84	-0.071798
0.0107	0.85	-0.0448058
0.0107	0.86	-0.024222
0.0107	0.87	-0.00912293
0.0107	0.88	0.00141414
0.0107	0.89	0.00826831
0.0107	0.9	0.012246
0.0107	0.91	0.0140631
0.0107	0.92	0.0143347
0.0107	0.93	0.0135726
0.0107	0.94	0.0121867
0.0107	0.95	0.0107567
0.0107	0.96	0.00840942
0.0107	0.97	0.00616174
0.0107	0.98	0.00402709
0.0107	0.99	0.00198695
0.0107	1	0


0.0112	0	0
0.0112	0.01	0.00431397
0.0112	0.02	0.00843559
0.0112	0.03	0.0121731
0.0112	0.04	0.0153383
0.0112	0.05	0.0177526
0.0112	0.06	0.0192577
0.0112	0.07	0.0197298
0.0112	0.08	0.0190947
0.0112	0.09	0.0173424
0.0112	0.1	0.014537
0.0112	0.11	0.00985426
0.0112	0.12	0.00447176
0.0112	0.13	-0.00179102
0.0112	0.14	-0.00888158
0.0112	0.15	-0.0168264
0.0112	0.16	-0.02578
0.0112	0.17	-0.0360696
0.0112	0.18	-0.0482266
0.0112	0.19	-0.0629984
0.0112	0.2	-0.0813346
0.0112	0.21	-0.104341
0.0112	0.22	-0.133199
0.0112	0.23	-0.16906
0.0112	0.24	-0.212898
0.0112	0.25	-0.265365
0.0112	0.26	-0.326624
0.0112	0.27	-0.396219
0.0112	0.28	-0.472961
0.0112	0.29	-0.554894
0.0112	0.3	-0.639316
0.0112	0.31	-0.7229
0.0112	0.32	-0.801888
0.0112	0.33	-0.872364
0.0112	0.34	-0.930568
0.0112	0.35	-0.973231
0.0112	0.36	-0.997882
0.0112	0.37	-1.00309
0.0112	0.38	-0.988633
0.0112	0.39	-0.955513
0.0112	0.4	-0.905908
0.0112	0.41	-0.842991
0.0112	0.42	-0.77067
0.0112	0.43	-0.693298
0.0112	0.44	-0.615361
0.0112	0.45	-0.541197
0.0112	0.46	-0.474762
0.0112	0.47	-0.419448
0.0112	0.48	-0.377967
0.0112	0.49	-0.352288
0.0112	0.5	-0.343596
0.0112	0.51	-0.352288
0.0112	0.52	-0.377967
0.0112	0.53	-0.419448
0.0112	0.54	-0.474762
0.0112	0.55	-0.541197
0.0112	0.56	-0.615361
0.0112	0.57	-0.693298
0.0112	0.58	-0.77067
0.0112	0.59	-0.842991
0.0112	0.6	-0.905908
0.0112	0.61	-0.955513
0.0112	0.62	-0.988633
0.0112	0.63	-1.00309
0.0112	0.64	-0.997882
0.0112	0.65	-0.973231
0.0112	0.66	-0.930568
0.0112	0.67	-0.872364
0.0112	0.68	-0.801888
0.0112	0.69	-0.7229
0.0112	0.7	-0.639316
0.0112	0.71	-0.554894
0.0112	0.72	-0.472961
0.0112	0.73	-0.396219
0.0112	0.74	-0.326624
0.0112	0.75	-0.265365
0.0112	0.76	-0.212898
0.0112	0.77	-0.16906
0.0112	0.78	-0.133199
0.0112	0.79	-0.104341
0.0112	0.8	-0.0813346
0.0112	0.81	-0.0629984
0.0112	0.82	-0.0482266
0.0112	0.83	-0.0360696
0.0112	0.84	-0.02578
0.0112	0.85	-0.0168264
0.0112	0.86	-0.00888158
0.0112	0.87	-0.00179102
0.0112	0.88	0.00447176
0.0112	0.89	0.00985426
0.0112	0.9	0.014537
0.0112	0.91	0.0173424
0.0112	0.92	0.0190947
0.0112	0.93	0.0197298
0.0112	0.94	0.0192577
0.0112	0.95	0.0177526
0.0112	0.96	0.0153383
0.0112	0.97	0.0121731
0.0112	0.98	0.00843559
0.0112	0.99	0.00431397
0.0112	1	0


0.0117	0	0
0.0117	0.01	0.00193243
0.0117	0.02	0.00352955
0.0117	0.03	0.00449738
0.0117	0.04	0.00461905
0.0117	0.05	0.00378031
0.0117	0.06	0.0019815
0.0117	0.07	-0.000665206
0.0117	0.08	-0.00395261
0.0117	0.09	-0.00760638
0.0117	0.1	-0.0113198
0.0117	0.11	-0.0147906
0.0117	0.12	-0.017754
0.0117	0.13	-0.0200089
0.0117	0.14	-0.021434
0.0117	0.15	-0.0219918
0.0117	0.16	-0.0226884
0.0117	0.17	-0.0226632
0.0117	0.18	-0.0225145
0.0117	0.19	-0.0226638
0.0117	0.2	-0.0236206
0.0117	0.21	-0.0259849
0.0117	0.22	-0.0304545
0.0117	0.23	-0.0378295
0.0117	0.24	-0.0490126
0.0117	0.25	-0.0649951
0.0117	0.26	-0.0868258
0.0117	0.27	-0.115554
0.0117	0.28	-0.152145
0.0117	0.29	-0.197376
0.0117	0.3	-0.251702
0.0117	0.31	-0.31513
0.0117	0.32	-0.387098
0.0117	0.33	-0.466386
0.0117	0.34	-0.551088
0.0117	0.35	-0.638652
0.0117	0.36	-0.726007
0.0117	0.37	-0.809774
0.0117	0.38	-0.886542
0.0117	0.39	-0.953194
0.0117	0.4	-1.00724
0.0117	0.41	-1.04709
0.0117	0.42	-1.07229
0.0117	0.43	-1.0836
0.0117	0.44	-1.08294
0.0117	0.45	-1.07321
0.0117	0.46	-1.05796
0.0117	0.47	-1.04097
0.0117	0.48	-1.02582
0.0117	0.49	-1.01545
0.0117	0.5	-1.01178
0.0117	0.51	-1.01545
0.0117	0.52	-1.02582
0.0117	0.53	-1.04097
0.0117	0.54	-1.05796
0.0117	0.55	-1.07321
0.0117	0.56	-1.08294
0.0117	0.57	-1.0836
0.0117	0.58	-1.07229
0.0117	0.59	-1.04709
0.0117	0.6	-1.00724
0.0117	0.61	-0.953194
0.0117	0.62	-0.886542
0.0117	0.63	-0.809774
0.0117	0.64	-0.726007
0.0117	0.65	-0.638652
0.0117	0.66	-0.551088
0.0117	0.67	-0.466386
0.0117	0.68	-0.387098
0.0117	0.69	-0.31513
0.0117	0.7	-0.251702
0.0117	0.71	-0.197376
0.0117	0.72	-0.152145
0.0117	0.73	-0.115554
0.0117	0.74	-0.0868258
0.0117	0.75	-0.0649951
0.0117	0.76	-0.0490126
0.0117	0.77	-0.0378295
0.0117	0.78	-0.0304545
0.0117	0.79	-0.0259849
0.0117	0.8	-0.0236206
0.0117	0.81	-0.0226638
0.0117	0.82	-0.0225145
0.0117	0.83	-0.0226632
0.0117	0.84	-0.0226884
0.0117	0.85	-0.0219918
0.0117	0.86	-0.021434
0.0117	0.87	-0.0200089
0.0117	0.88	-0.017754
0.0117	0.89	-0.0147906
0.0117	0.9	-0.0113198
0.0117	0.91	-0.00760638
0.0117	0.92	-0.00395261
0.0117	0.93	-0.000665206
0.0117	0.94	0.0019815
0.0117	0.95	0.00378031
0.0117	0.96	0.00461905
0.0117	0.97	0.00449738
0.0117	0.98	0.00352955
0.0117	0.99	0.00193243
0.0117	1	0


0.0122	0	0
0.0122	0.01	-0.00695153
0.0122	0.02	-0.0135982
0.0122	0.03	-0.0196553
0.0122	0.04	-0.0248771
0.0122	0.05	-0.0290724
0.0122	0.06	-0.0321159
0.0122	0.07	-0.0339542
0.0122	0.08	-0.0346063
0.0122	0.09	-0.0341574
0.0122	0.1	-0.0327485
0.0122	0.11	-0.0305612
0.0122	0.12	-0.0278002
0.0122	0.13	-0.0246761
0.0122	0.14	-0.0213886
0.0122	0.15	-0.018114
0.0122	0.16	-0.0149955
0.0122	0.17	-0.0121388
0.0122	0.18	-0.0096119
0.0122	0.19	-0.00744814
0.0122	0.2	-0.00565237
0.0122	0.21	-0.0051736
0.0122	0.22	-0.00501755
0.0122	0.23	-0.00560005
0.0122	0.24	-0.00714118
0.0122	0.25	-0.00995761
0.0122	0.26	-0.0144909
0.0122	0.27	-0.0213343
0.0122	0.28	-0.0312549
0.0122	0.29	-0.0452071
0.0122	0.3	-0.064331
0.0122	0.31	-0.0899329
0.0122	0.32	-0.123439
0.0122	0.33	-0.166323
0.0122	0.34	-0.220002
0.0122	0.35	-0.285708
0.0122	0.36	-0.364337
0.0122	0.37	-0.456297
0.0122	0.38	-0.561355
0.0122	0.39	-0.678518
0.0122	0.4	-0.805954
0.0122	0.41	-0.940972
0.0122	0.42	-1.08007
0.0122	0.43	-1.21907
0.0122	0.44	-1.35329
0.0122	0.45	-1.47781
0.0122	0.46	-1.58778
0.0122	0.47	-1.67867
0.0122	0.48	-1.7466
0.0122	0.49	-1.78861
0.0122	0.5	-1.80283
0.0122	0.51	-1.78861
0.0122	0.52	-1.7466
0.0122	0.53	-1.67867
0.0122	0.54	-1.58778
0.0122	0.55	-1.47781
0.0122	0.56	-1.35329
0.0122	0.57	-1.21907
0.0122	0.58	-1.08007
0.0122	0.59	-0.940972
0.0122	0.6	-0.805954
0.0122	0.61	-0.678518
0.0122	0.62	-0.561355
0.0122	0.63	-0.456297
0.0122	0.64	-0.364337
0.0122	0.65	-0.285708
0.0122	0.66	-0.220002
0.0122	0.67	-0.166323
0.0122	0.68	-0.123439
0.0122	0.69	-0.0899329
0.0122	0.7	-0.064331
0.0122	0.71	-0.0452071
0.0122	0.72	-0.0312549
0.0122	0.73	-0.0213343
0.0122	0.74	-0.0144909
0.0122	0.75	-0.00995761
0.0122	0.76	-0.00714118
0.0122	0.77	-0.00560005
0.0122	0.78	-0.00501755
0.0122	0.79	-0.0051736
0.0122	0.8	-0.00565237
0.0122	0.81	-0.00744814
0.0122	0.82	-0.0096119
0.0122	0.83	-0.0121388
0.0122	0.84	-0.0149955
0.0122	0.85	-0.018114
0.0122	0.86	-0.0213886
0.0122	0.87	-0.0246761
0.0122	0.88	-0.0278002
0.0122	0.89	-0.0305612
0.0122	0.9	-0.0327485
0.0122	0.91	-0.0341574
0.0122	0.92	-0.0346063
0.0122	0.93	-0.0339542
0.0122	0.94	-0.0321159
0.0122	0.95	-0.0290724
0.0122	0.96	-0.0248771
0.0122	0.97	-0.0196553
0.0122	0.98	-0.0135982
0.0122	0.99	-0.00695153
0.0122	1	0


0.0127	0	0
0.0127	0.01	-0.00917118
0.0127	0.02	-0.0178284
0.0127	0.03	-0.0255055
0.0127	0.04	-0.0318249
0.0127	0.05	-0.0365288
0.0127	0.06	-0.0394942
0.0127	0.07	-0.0407332
0.0127	0.08	-0.0403788
0.0127	0.09	-0.0386594
0.0127	0.1	-0.0358666
0.0127	0.11	-0.0323208
0.0127	0.12	-0.0283391
0.0127	0.13	-0.0242092
0.0127	0.14	-0.0201715
0.0127	0.15	-0.0164091
0.0127	0.16	-0.0130464
0.0127	0.17	-0.0101545
0.0127	0.18	-0.00776164
0.0127	0.19	-0.00586598
0.0127	0.2	-0.0044511
0.0127	0.21	-0.0035015
0.0127	0.22	-0.00301864
0.0127	0.23	-0.00303729
0.0127	0.24	-0.00364261
0.0127	0.25	-0.00498825
0.0127	0.26	-0.00828069
0.0127	0.27	-0.012903
0.0127	0.28	-0.019778
0.0127	0.29	-0.0297677
0.0127	0.3	-0.0439636
0.0127	0.31	-0.0636975
0.0127	0.32	-0.0905327
0.0127	0.33	-0.126223
0.0127	0.34	-0.172637
0.0127	0.35	-0.231634
0.0127	0.36	-0.304898
0.0127	0.37	-0.393736
0.0127	0.38	-0.498849
0.0127	0.39	-0.620096
0.0127	0.4	-0.756286
0.0127	0.41	-0.905029
0.0127	0.42	-1.06267
0.0127	0.43	-1.22435
0.0127	0.44	-1.38419
0.0127	0.45	-1.53557
0.0127	0.46	-1.67163
0.0127	0.47	-1.78571
0.0127	0.48	-1.87191
0.0127	0.49	-1.92561
0.0127	0.5	-1.94385
0.0127	0.51	-1.92561
0.0127	0.52	-1.87191
0.0127	0.53	-1.78571
0.0127	0.54	-1.67163
0.0127	0.55	-1.53557
0.0127	0.56	-1.38419
0.0127	0.57	-1.22435
0.0127	0.58	-1.06267
0.0127	0.59	-0.905029
0.0127	0.6	-0.756286
0.0127	0.61	-0.620096
0.0127	0.62	-0.498849
0.0127	0.63	-0.393736
0.0127	0.64	-0.304898
0.0127	0.65	-0.231634
0.0127	0.66	-0.172637
0.0127	0.67	-0.126223
0.0127	0.68	-0.0905327
0.0127	0.69	-0.0636975
0.0127	0.7	-0.0439636
0.0127	0.71	-0.0297677
0.0127	0.72	-0.019778
0.0127	0.73	-0.012903
0.0127	0.74	-0.00828069
0.0127	0.75	-0.00498825
0.0127	0.76	-0.00364261
0.0127	0.77	-0.00303729
0.0127	0.78	-0.00301864
0.0127	0.79	-0.0035015
0.0127	0.8	-0.0044511
0.0127	0.81	-0.00586598
0.0127	0.82	-0.00776164
0.0127	0.83	-0.0101545
0.0127	0.84	-0.0130464
0.0127	0.85	-0.0164091
0.0127	0.86	-0.0201715
0.0127	0.87	-0.0242092
0.0127	0.88	-0.0283391
0.0127	0.89	-0.0323208
0.0127	0.9	-0.0358666
0.0127	0.91	-0.0386594
0.0127	0.92	-0.0403788
0.0127	0.93	-0.0407332
0.0127	0.94	-0.0394942
0.0127	0.95	-0.0365288
0.0127	0.96	-0.0318249
0.0127	0.97	-0.0255055
0.0127	0.98	-0.0178284
0.0127	0.99	-0.00917118
0.0127	1	0


0.0132	0	0
0.0132	0.01	-0.000717777
0.0132	0.02	-0.00162956
0.0132	0.03	-0.00289501
0.0132	0.04	-0.00461108
0.0132	0.05	-0.0067942
0.0132	0.06	-0.0093761
0.0132	0.07	-0.0122133
0.0132	0.08	-0.0151084
0.0132	0.09	-0.0178391
0.0132	0.1	-0.0201894
0.0132	0.11	-0.0219794
0.0132	0.12	-0.0230875
0.0132	0.13	-0.0234643
0.0132	0.14	-0.0231367
0.0132	0.15	-0.0222037
0.0132	0.16	-0.0208268
0.0132	0.17	-0.0192189
0.0132	0.18	-0.0176346
0.0132	0.19	-0.016366
0.0132	0.2	-0.015745
0.0132	0.21	-0.0161534
0.0132	0.22	-0.01804
0.0132	0.23	-0.0219396
0.0132	0.24	-0.0284925
0.0132	0.25	-0.0384571
0.0132	0.26	-0.0527082
0.0132	0.27	-0.0722171
0.0132	0.28	-0.0980058
0.0132	0.29	-0.131073
0.0132	0.3	-0.172291
0.0132	0.31	-0.223245
0.0132	0.32	-0.2832
0.0132	0.33	-0.352304
0.0132	0.34	-0.429861
0.0132	0.35	-0.514542
0.0132	0.36	-0.60439
0.0132	0.37	-0.696909
0.0132	0.38	-0.789223
0.0132	0.39	-0.878305
0.0132	0.4	-0.961249
0.0132	0.41	-1.03555
0.0132	0.42	-1.09937
0.0132	0.43	-1.15169
0.0132	0.44	-1.19242
0.0132	0.45	-1.22233
0.0132	0.46	-1.24286
0.0132	0.47	-1.25592
0.0132	0.48	-1.26346
0.0132	0.49	-1.2672
0.0132	0.5	-1.26831
0.0132	0.51	-1.2672
0.0132	0.52	-1.26346
0.0132	0.53	-1.25592
0.0132	0.54	-1.24286
0.0132	0.55	-1.22233
0.0132	0.56	-1.19242
0.0132	0.57	-1.15169
0.0132	0.58	-1.09937
0.0132	0.59	-1.03555
0.0132	0.6	-0.961249
0.0132	0.61	-0.878305
0.0132	0.62	-0.789223
0.0132	0.63	-0.696909
0.0132	0.64	-0.60439
0.0132	0.65	-0.514542
0.0132	0.66	-0.429861
0.0132	0.67	-0.352304
0.0132	0.68	-0.2832
0.0132	0.69	-0.223245
0.0132	0.7	-0.172291
0.0132	0.71	-0.131073
0.0132	0.72	-0.0980058
0.0132	0.73	-0.0722171
0.0132	0.74	-0.0527082
0.0132	0.75	-0.0384571
0.0132	0.76	-0.0284925
0.0132	0.77	-0.0219396
0.0132	0.78	-0.01804
0.0132	0.79	-0.0161534
0.0132	0.8	-0.015745
0.0132	0.81	-0.016366
0.0132	0.82	-0.0176346
0.0132	0.83	-0.0192189
0.0132	0.84	-0.0208268
0.0132	0.85	-0.0222037
0.0132	0.86	-0.0231367
0.0132	0.87	-0.0234643
0.0132	0.88	-0.0230875
0.0132	0.89	-0.0219794
0.0132	0.9	-0.0201894
0.0132	0.91	-0.0178391
0.0132	0.92	-0.0151084
0.0132	0.93	-0.0122133
0.0132	0.94	-0.0093761
0.0132	0.95	-0.0067942
0.0132	0.96	-0.00461108
0.0132	0.97	-0.00289501
0.0132	0.98	-0.00162956
0.0132	0.99	-0.000717777
0.0132	1	0


0.0137	0	0
0.0137	0.01	0.00440616
0.0137	0.02	0.00851015
0.0137	0.03	0.0120266
0.0137	0.04	0.0147036
0.0137	0.05	0.0163395
0.0137	0.06	0.0167971
0.0137	0.07	0.0160161
0.0137	0.08	0.0140194
0.0137	0.09	0.0109116
0.0137	0.1	0.00686874
0.0137	0.11	0.00211793
0.0137	0.12	-0.00309312
0.0137	0.13	-0.00853382
0.0137	0.14	-0.0140335
0.0137	0.15	-0.0195253
0.0137	0.16	-0.0250865
0.0137	0.17	-0.030973
0.0137	0.18	-0.0376422
0.0137	0.19	-0.0457633
0.0137	0.2	-0.0562096
0.0137	0.21	-0.0700334
0.0137	0.22	-0.0884173
0.0137	0.23	-0.112603
0.0137	0.24	-0.143796
0.0137	0.25	-0.183048
0.0137	0.26	-0.231118
0.0137	0.27	-0.288337
0.0137	0.28	-0.354466
0.0137	0.29	-0.428586
0.0137	0.3	-0.509035
0.0137	0.31	-0.5934
0.0137	0.32	-0.678593
0.0137	0.33	-0.761006
0.0137	0.34	-0.836741
0.0137	0.35	-0.901906
0.0137	0.36	-0.953901
0.0137	0.37	-0.988835
0.0137	0.38	-1.00515
0.0137	0.39	-1.00219
0.0137	0.4	-0.980581
0.0137	0.41	-0.942223
0.0137	0.42	-0.890153
0.0137	0.43	-0.828327
0.0137	0.44	-0.761321
0.0137	0.45	-0.693993
0.0137	0.46	-0.631128
0.0137	0.47	-0.577124
0.0137	0.48	-0.535698
0.0137	0.49	-0.509671
0.0137	0.5	-0.500796
0.0137	0.51	-0.509671
0.0137	0.52	-0.535698
0.0137	0.53	-0.577124
0.0137	0.54	-0.631128
0.0137	0.55	-0.693993
0.0137	0.56	-0.761321
0.0137	0.57	-0.828327
0.0137	0.58	-0.890153
0.0137	0.59	-0.942223
0.0137	0.6	-0.980581
0.0137	0.61	-1.00219
0.0137	0.62	-1.00515
0.0137	0.63	-0.988835
0.0137	0.64	-0.953901
0.0137	0.65	-0.901906
0.0137	0.66	-0.836741
0.0137	0.67	-0.761006
0.0137	0.68	-0.678593
0.0137	0.69	-0.5934
0.0137	0.7	-0.509035
0.0137	0.71	-0.428586
0.0137	0.72	-0.354466
0.0137	0.73	-0.288337
0.0137	0.74	-0.231118
0.0137	0.75	-0.183048
0.0137	0.76	-0.143796
0.0137	0.77	-0.112603
0.0137	0.78	-0.0884173
0.0137	0.79	-0.0700334
0.0137	0.8	-0.0562096
0.0137	0.81	-0.0457633
0.0137	0.82	-0.0376422
0.0137	0.83	-0.030973
0.0137	0.84	-0.0250865
0.0137	0.85	-0.0195253
0.0137	0.86	-0.0140335
0.0137	0.87	-0.00853382
0.0137	0.88	-0.00309312
0.0137	0.89	0.00211793
0.0137	0.9	0.00686874
0.0137	0.91	0.0109116
0.0137	0.92	0.0140194
0.0137	0.93	0.0160161
0.0137	0.94	0.0167971
0.0137	0.95	0.0163395
0.0137	0.96	0.0147036
0.0137	0.97	0.0120266
0.0137	0.98	0.00851015
0.0137	0.99	0.00440616
0.0137	1	0


0.0142	0	0
0.0142	0.01	0.00281121
0.0142	0.02	0.00561911
0.0142	0.03	0.00840428
0.0142	0.04	0.0111165
0.0142	0.05	0.0136629
0.0142	0.06	0.0159002
0.0142	0.07	0.0176303
0.0142	0.08	0.0186012
0.0142	0.09	0.0185092
0.0142	0.1	0.0170036
0.0142	0.11	0.01369
0.0142	0.12	0.00813067
0.0142	0.13	-0.000158491
0.0142	0.14	-0.011715
0.0142	0.15	-0.0271372
0.0142	0.16	-0.0470887
0.0142	0.17	-0.0722915
0.0142	0.18	-0.103502
0.0142	0.19	-0.141464
0.0142	0.2	-0.186828
0.0142	0.21	-0.240051
0.0142	0.22	-0.30127
0.0142	0.23	-0.370168
0.0142	0.24	-0.445857
0.0142	0.25	-0.526788
0.0142	0.26	-0.610726
0.0142	0.27	-0.694793
0.0142	0.28	-0.775603
0.0142	0.29	-0.849464
0.0142	0.3	-0.912663
0.0142	0.31	-0.961773
0.0142	0.32	-0.993972
0.0142	0.33	-1.00731
0.0142	0.34	-1.00091
0.0142	0.35	-0.975075
0.0142	0.36	-0.931234
0.0142	0.37	-0.871837
0.0142	0.38	-0.800109
0.0142	0.39	-0.719757
0.0142	0.4	-0.63465
0.0142	0.41	-0.549476
0.0142	0.42	-0.466588
0.0142	0.43	-0.389153
0.0142	0.44	-0.319436
0.0142	0.45	-0.259052
0.0142	0.46	-0.209031
0.0142	0.47	-0.169934
0.0142	0.48	-0.141992
0.0142	0.49	-0.125247
0.0142	0.5	-0.119672
0.0142	0.51	-0.125247
0.0142	0.52	-0.141992
0.0142	0.53	-0.169934
0.0142	0.54	-0.209031
0.0142	0.55	-0.259052
0.0142	0.56	-0.319436
0.0142	0.57	-0.389153
0.0142	0.58	-0.466588
0.0142	0.59	-0.549476
0.0142	0.6	-0.63465
0.0142	0.61	-0.719757
0.0142	0.62	-0.800109
0.0142	0.63	-0.871837
0.0142	0.64	-0.931234
0.0142	0.65	-0.975075
0.0142	0.66	-1.00091
0.0142	0.67	-1.00731
0.0142	0.68	-0.993972
0.0142	0.69	-0.961773
0.0142	0.7	-0.912663
0.0142	0.71	-0.849464
0.0142	0.72	-0.775603
0.0142	0.73	-0.694793
0.0142	0.74	-0.610726
0.0142	0.75	-0.526788
0.0142	0.76	-0.445857
0.0142	0.77	-0.370168
0.0142	0.78	-0.30127
0.0142	0.79	-0.240051
0.0142	0.8	-0.186828
0.0142	0.81	-0.141464
0.0142	0.82	-0.103502
0.0142	0.83	-0.0722915
0.0142	0.84	-0.0470887
0.0142	0.85	-0.0271372
0.0142	0.86	-0.011715
0.0142	0.87	-0.000158491
0.0142	0.88	0.00813067
0.0142	0.89	0.01369
0.0142	0.9	0.0170036
0.0142	0.91	0.0185092
0.0142	0.92	0.0186012
0.0142	0.93	0.0176303
0.0142	0.94	0.0159002
0.0142	0.95	0.0136629
0.0142	0.96	0.0111165
0.0142	0.97	0.00840428
0.0142	0.98	0.00561911
0.0142	0.99	0.00281121
0.0142	1	0


0.0147	0	0
0.0147	0.01	0.000377527
0.0147	0.02	0.000715908
0.0147	0.03	0.000955493
0.0147	0.04	0.000994317
0.0147	0.05	0.000664118
0.0147	0.06	-0.00029589
0.0147	0.07	-0.00226635
0.0147	0.08	-0.00577363
0.0147	0.09	-0.0115101
0.0147	0.1	-0.020343
0.0147	0.11	-0.0333065
0.0147	0.12	-0.0515681
0.0147	0.13	-0.0763673
0.0147	0.14	-0.108921
0.0147	0.15	-0.150299
0.0147	0.16	-0.201275
0.0147	0.17	-0.262166
0.0147	0.18	-0.332685
0.0147	0.19	-0.411808
0.0147	0.2	-0.497715
0.0147	0.21	-0.587781
0.0147	0.22	-0.678668
0.0147	0.23	-0.766502
0.0147	0.24	-0.847132
0.0147	0.25	-0.916443
0.0147	0.26	-0.970706
0.0147	0.27	-1.0069
0.0147	0.28	-1.02301
0.0147	0.29	-1.01818
0.0147	0.3	-0.992827
0.0147	0.31	-0.948559
0.0147	0.32	-0.888037
0.0147	0.33	-0.814706
0.0147	0.34	-0.73248
0.0147	0.35	-0.645406
0.0147	0.36	-0.557349
0.0147	0.37	-0.471725
0.0147	0.38	-0.391315
0.0147	0.39	-0.318161
0.0147	0.4	-0.253546
0.0147	0.41	-0.198042
0.0147	0.42	-0.151619
0.0147	0.43	-0.113775
0.0147	0.44	-0.0836827
0.0147	0.45	-0.0603288
0.0147	0.46	-0.043595
0.0147	0.47	-0.0314561
0.0147	0.48	-0.0233891
0.0147	0.49	-0.0187968
0.0147	0.5	-0.017308
0.0147	0.51	-0.0187968
0.0147	0.52	-0.0233891
0.0147	0.53	-0.0314561
0.0147	0.54	-0.043595
0.0147	0.55	-0.0603288
0.0147	0.56	-0.0836827
0.0147	0.57	-0.113775
0.0147	0.58	-0.151619
0.0147	0.59	-0.198042
0.0147	0.6	-0.253546
0.0147	0.61	-0.318161
0.0147	0.62	-0.391315
0.0147	0.63	-0.471725
0.0147	0.64	-0.557349
0.0147	0.65	-0.645406
0.0147	0.66	-0.73248
0.0147	0.67	-0.814706
0.0147	0.68	-0.888037
0.0147	0.69	-0.948559
0.0147	0.7	-0.992827
0.0147	0.71	-1.01818
0.0147	0.72	-1.02301
0.0147	0.73	-1.0069
0.0147	0.74	-0.970706
0.0147	0.75	-0.916443
0.0147	0.76	-0.847132
0.0147	0.77	-0.766502
0.0147	0.78	-0.678668
0.0147	0.79	-0.587781
0.0147	0.8	-0.497715
0.0147	0.81	-0.411808
0.0147	0.82	-0.332685
0.0147	0.83	-0.262166
0.0147	0.84	-0.201275
0.0147	0.85	-0.150299
0.0147	0.86	-0.108921
0.0147	0.87	-0.0763673
0.0147	0.88	-0.0515681
0.0147	0.89	-0.0333065
0.0147	0.9	-0.020343
0.0147	0.91	-0.0115101
0.0147	0.92	-0.00577363
0.0147	0.93	-0.00226635
0.0147	0.94	-0.00029589
0.0147	0.95	0.000664118
0.0147	0.96	0.000994317
0.0147	0.97	0.000955493
0.0147	0.98	0.000715908
0.0147	0.99	0.000377527
0.0147	1	0


0.0152	0	0
0.0152	0.01	-0.00410141
0.0152	0.02	-0.00884096
0.0152	0.03	-0.0148938
0.0152	0.04	-0.0230041
0.0152	0.05	-0.034006
0.0152	0.06	-0.0488291
0.0152	0.07	-0.0684825
0.0152	0.08	-0.094013
0.0152	0.09	-0.126436
0.0152	0.1	-0.166638
0.0152	0.11	-0.215261
0.0152	0.12	-0.272563
0.0152	0.13	-0.3383
0.0152	0.14	-0.411604
0.0152	0.15	-0.490921
0.0152	0.16	-0.573999
0.0152	0.17	-0.657944
0.0152	0.18	-0.739367
0.0152	0.19	-0.814589
0.0152	0.2	-0.879914
0.0152	0.21	-0.93193
0.0152	0.22	-0.967801
0.0152	0.23	-0.985528
0.0152	0.24	-0.984135
0.0152	0.25	-0.963755
0.0152	0.26	-0.925614
0.0152	0.27	-0.871912
0.0152	0.28	-0.805606
0.0152	0.29	-0.730148
0.0152	0.3	-0.649187
0.0152	0.31	-0.566282
0.0152	0.32	-0.484658
0.0152	0.33	-0.407017
0.0152	0.34	-0.335432
0.0152	0.35	-0.271298
0.0152	0.36	-0.215367
0.0152	0.37	-0.167819
0.0152	0.38	-0.128372
0.0152	0.39	-0.0964061
0.0152	0.4	-0.0710855
0.0152	0.41	-0.0514677
0.0152	0.42	-0.0365931
0.0152	0.43	-0.0255507
0.0152	0.44	-0.0175216
0.0152	0.45	-0.0118015
0.0152	0.46	-0.00780742
0.0152	0.47	-0.00507346
0.0152	0.48	-0.00323845
0.0152	0.49	-0.00203053
0.0152	0.5	-0.000986058
0.0152	0.51	-0.00203053
0.0152	0.52	-0.00323845
0.0152	0.53	-0.00507346
0.0152	0.54	-0.00780742
0.0152	0.55	-0.0118015
0.0152	0.56	-0.0175216
0.0152	0.57	-0.0255507
0.0152	0.58	-0.0365931
0.0152	0.59	-0.0514677
0.0152	0.6	-0.0710855
0.0152	0.61	-0.0964061
0.0152	0.62	-0.128372
0.0152	0.63	-0.167819
0.0152	0.64	-0.215367
0.0152	0.65	-0.271298
0.0152	0.66	-0.335432
0.0152	0.67	-0.407017
0.0152	0.68	-0.484658
0.0152	0.69	-0.566282
0.0152	0.7	-0.649187
0.0152	0.71	-0.730148
0.0152	0.72	-0.805606
0.0152	0.73	-0.871912
0.0152	0.74	-0.925614
0.0152	0.75	-0.963755
0.0152	0.76	-0.984135
0.0152	0.77	-0.985528
0.0152	0.78	-0.967801
0.0152	0.79	-0.93193
0.0152	0.8	-0.879914
0.0152	0.81	-0.814589
0.0152	0.82	-0.739367
0.0152	0.83	-0.657944
0.0152	0.84	-0.573999
0.0152	0.85	-0.490921
0.0152	0.86	-0.411604
0.0152	0.87	-0.3383
0.0152	0.88	-0.272563
0.0152	0.89	-0.215261
0.0152	0.9	-0.166638
0.0152	0.91	-0.126436
0.0152	0.92	-0.094013
0.0152	0.93	-0.0684825
0.0152	0.94	-0.0488291
0.0152	0.95	-0.034006
0.0152	0.96	-0.0230041
0.0152	0.97	-0.0148938
0.0152	0.98	-0.00884096
0.0152	0.99	-0.00410141
0.0152	1	0


0.0157	0	0
0.0157	0.01	-0.0262026
0.0157	0.02	-0.0543046
0.0157	0.03	-0.0861275
0.0157	0.04	-0.123329
0.0157	0.05	-0.167303
0.0157	0.06	-0.219066
0.0157	0.07	-0.279138
0.0157	0.08	-0.34742
0.0157	0.09	-0.423098
0.0157	0.1	-0.504584
0.0157	0.11	-0.589521
0.0157	0.12	-0.674859
0.0157	0.13	-0.757013
0.0157	0.14	-0.832104
0.0157	0.15	-0.896254
0.0157	0.16	-0.945916
0.0157	0.17	-0.978198
0.0157	0.18	-0.991144
0.0157	0.19	-0.98393
0.0157	0.2	-0.956961
0.0157	0.21	-0.911832
0.0157	0.22	-0.851188
0.0157	0.23	-0.778471
0.0157	0.24	-0.697605
0.0157	0.25	-0.612658
0.0157	0.26	-0.527505
0.0157	0.27	-0.445554
0.0157	0.28	-0.369534
0.0157	0.29	-0.301383
0.0157	0.3	-0.242226
0.0157	0.31	-0.192422
0.0157	0.32	-0.151693
0.0157	0.33	-0.119271
0.0157	0.34	-0.0940737
0.0157	0.35	-0.0748658
0.0157	0.36	-0.0604008
0.0157	0.37	-0.049526
0.0157	0.38	-0.0412534
0.0157	0.39	-0.0347923
0.0157	0.4	-0.029554
0.0157	0.41	-0.0251327
0.0157	0.42	-0.0212737
0.0157	0.43	-0.0178358
0.0157	0.44	-0.0147539
0.0157	0.45	-0.0117428
0.0157	0.46	-0.00990329
0.0157	0.47	-0.00837542
0.0157	0.48	-0.00723505
0.0157	0.49	-0.00653222
0.0157	0.5	-0.00629495
0.0157	0.51	-0.00653222
0.0157	0.52	-0.00723505
0.0157	0.53	-0.00837542
0.0157	0.54	-0.00990329
0.0157	0.55	-0.0117428
0.0157	0.56	-0.0147539
0.0157	0.57	-0.0178358
0.0157	0.58	-0.0212737
0.0157	0.59	-0.0251327
0.0157	0.6	-0.029554
0.0157	0.61	-0.0347923
0.0157	0.62	-0.0412534
0.0157	0.63	-0.049526
0.0157	0.64	-0.0604008
0.0157	0.65	-0.0748658
0.0157	0.66	-0.0940737
0.0157	0.67	-0.119271
0.0157	0.68	-0.151693
0.0157	0.69	-0.192422
0.0157	0.7	-0.242226
0.0157	0.71	-0.301383
0.0157	0.72	-0.369534
0.0157	0.73	-0.445554
0.0157	0.74	-0.527505
0.0157	0.75	-0.612658
0.0157	0.76	-0.697605
0.0157	0.77	-0.778471
0.0157	0.78	-0.851188
0.0157	0.79	-0.911832
0.0157	0.8	-0.956961
0.0157	0.81	-0.98393
0.0157	0.82	-0.991144
0.0157	0.83	-0.978198
0.0157	0.84	-0.945916
0.0157	0.85	-0.896254
0.0157	0.86	-0.832104
0.0157	0.87	-0.757013
0.0157	0.88	-0.674859
0.0157	0.89	-0.589521
0.0157	0.9	-0.504584
0.0157	0.91	-0.423098
0.0157	0.92	-0.34742
0.0157	0.93	-0.279138
0.0157	0.94	-0.219066
0.0157	0.95	-0.167303
0.0157	0.96	-0.123329
0.0157	0.97	-0.0861275
0.0157	0.98	-0.0543046
0.0157	0.99	-0.0262026
0.0157	1	0


0.0162	0	0
0.0162	0.01	-0.0916358
0.0162	0.02	-0.18417
0.0162	0.03	-0.278221
0.0162	0.04	-0.373891
0.0162	0.05	-0.470578
0.0162	0.06	-0.566895
0.0162	0.07	-0.660681
0.0162	0.08	-0.749127
0.0162	0.09	-0.828997
0.0162	0.1	-0.896918
0.0162	0.11	-0.949721
0.0162	0.12	-0.984773
0.0162	0.13	-1.00026
0.0162	0.14	-0.995424
0.0162	0.15	-0.970624
0.0162	0.16	-0.927355
0.0162	0.17	-0.868103
0.0162	0.18	-0.796116
0.0162	0.19	-0.71512
0.0162	0.2	-0.628997
0.0162	0.21	-0.541491
0.0162	0.22	-0.455951
0.0162	0.23	-0.375149
0.0162	0.24	-0.301179
0.0162	0.25	-0.235432
0.0162	0.26	-0.17864
0.0162	0.27	-0.13097
0.0162	0.28	-0.0921362
0.0162	0.29	-0.061531
0.0162	0.3	-0.038337
0.0162	0.31	-0.0216243
0.0162	0.32	-0.0104224
0.0162	0.33	-0.00376963
0.0162	0.34	-0.000744039
0.0162	0.35	-0.000481613
0.0162	0.36	-0.00218799
0.0162	0.37	-0.00514794
0.0162	0.38	-0.00873498
0.0162	0.39	-0.0124215
0.0162	0.4	-0.0155231
0.0162	0.41	-0.0188363
0.0162	0.42	-0.0213084
0.0162	0.43	-0.0229377
0.0162	0.44	-0.023803
0.0162	0.45	-0.0240475
0.0162	0.46	-0.0238575
0.0162	0.47	-0.0234353
0.0162	0.48	-0.0229727
0.0162	0.49	-0.0226267
0.0162	0.5	-0.0224995
0.0162	0.51	-0.0226267
0.0162	0.52	-0.0229727
0.0162	0.53	-0.0234353
0.0162	0.54	-0.0238575
0.0162	0.55	-0.0240475
0.0162	0.56	-0.023803
0.0162	0.57	-0.0229377
0.0162	0.58	-0.0213084
0.0162	0.59	-0.0188363
0.0162	0.6	-0.0155231
0.0162	0.61	-0.0124215
0.0162	0.62	-0.00873498
0.0162	0.63	-0.00514794
0.0162	0.64	-0.00218799
0.0162	0.65	-0.000481613
0.0162	0.66	-0.000744039
0.0162	0.67	-0.00376963
0.0162	0.68	-0.0104224
0.0162	0.69	-0.0216243
0.0162	0.7	-0.038337
0.0162	0.71	-0.061531
0.0162	0.72	-0.0921362
0.0162	0.73	-0.13097
0.0162	0.74	-0.17864
0.0162	0.75	-0.235432
0.0162	0.76	-0.301179
0.0162	0.77	-0.375149
0.0162	0.78	-0.455951
0.0162	0.79	-0.541491
0.0162	0.8	-0.628997
0.0162	0.81	-0.71512
0.0162	0.82	-0.796116
0.0162	0.83	-0.868103
0.0162	0.84	-0.927355
0.0162	0.85	-0.970624
0.0162	0.86	-0.995424
0.0162	0.87	-1.00026
0.0162	0.88	-0.984773
0.0162	0.89	-0.949721
0.0162	0.9	-0.896918
0.0162	0.91	-0.828997
0.0162	0.92	-0.749127
0.0162	0.93	-0.660681
0.0162	0.94	-0.566895
0.0162	0.95	-0.470578
0.0162	0.96	-0.373891
0.0162	0.97	-0.278221
0.0162	0.98	-0.18417
0.0162	0.99	-0.0916358
0.0162	1	0


0.0167	0	0
0.0167	0.01	-0.166801
0.0167	0.02	-0.328155
0.0167	0.03	-0.47883
0.0167	0.04	-0.614032
0.0167	0.05	-0.729615
0.0167	0.06	-0.822291
0.0167	0.07	-0.889804
0.0167	0.08	-0.931065
0.0167	0.09	-0.946218
0.0167	0.1	-0.936618
0.0167	0.11	-0.904728
0.0167	0.12	-0.853925
0.0167	0.13	-0.788231
0.0167	0.14	-0.712013
0.0167	0.15	-0.629661
0.0167	0.16	-0.545297
0.0167	0.17	-0.462526
0.0167	0.18	-0.384269
0.0167	0.19	-0.312673
0.0167	0.2	-0.249094
0.0167	0.21	-0.194163
0.0167	0.22	-0.147884
0.0167	0.23	-0.109782
0.0167	0.24	-0.0790458
0.0167	0.25	-0.0546765
0.0167	0.26	-0.0356102
0.0167	0.27	-0.0208194
0.0167	0.28	-0.00938477
0.0167	0.29	-0.000539123
0.0167	0.3	0.00631259
0.0167	0.31	0.0115943
0.0167	0.32	0.0155755
0.0167	0.33	0.0184
0.0167	0.34	0.0201212
0.0167	0.35	0.0210058
0.0167	0.36	0.0199401
0.0167	0.37	0.0177952
0.0167	0.38	0.014546
0.0167	0.39	0.0102453
0.0167	0.4	0.0050249
0.0167	0.41	-0.000912793
0.0167	0.42	-0.00730953
0.0167	0.43	-0.0138719
0.0167	0.44	-0.0202942
0.0167	0.45	-0.0262798
0.0167	0.46	-0.0315597
0.0167	0.47	-0.0359057
0.0167	0.48	-0.039138
0.0167	0.49	-0.0411282
0.0167	0.5	-0.0418001
0.0167	0.51	-0.0411282
0.0167	0.52	-0.039138
0.0167	0.53	-0.0359057
0.0167	0.54	-0.0315597
0.0167	0.55	-0.0262798
0.0167	0.56	-0.0202942
0.0167	0.57	-0.0138719
0.0167	0.58	-0.00730953
0.0167	0.59	-0.000912793
0.0167	0.6	0.0050249
0.0167	0.61	0.0102453
0.0167	0.62	0.014546
0.0167	0.63	0.0177952
0.0167	0.64	0.0199401
0.0167	0.65	0.0210058
0.0167	0.66	0.0201212
0.0167	0.67	0.0184
0.0167	0.68	0.0155755
0.0167	0.69	0.0115943
0.0167	0.7	0.00631259
0.0167	0.71	-0.000539123
0.0167	0.72	-0.00938477
0.0167	0.73	-0.0208194
0.0167	0.74	-0.0356102
0.0167	0.75	-0.0546765
0.0167	0.76	-0.0790458
0.0167	0.77	-0.109782
0.0167	0.78	-0.147884
0.0167	0.79	-0.194163
0.0167	0.8	-0.249094
0.0167	0.81	-0.312673
0.0167	0.82	-0.384269
0.0167	0.83	-0.462526
0.0167	0.84	-0.545297
0.0167	0.85	-0.629661
0.0167	0.86	-0.712013
0.0167	0.87	-0.788231
0.0167	0.88	-0.853925
0.0167	0.89	-0.904728
0.0167	0.9	-0.936618
0.0167	0.91	-0.946218
0.0167	0.92	-0.931065
0.0167	0.93	-0.889804
0.0167	0.94	-0.822291
0.0167	0.95	-0.729615
0.0167	0.96	-0.614032
0.0167	0.97	-0.47883
0.0167	0.98	-0.328155
0.0167	0.99	-0.166801
0.0167	1	0


0.0172	0	0
0.0172	0.01	-0.116623
0.0172	0.02	-0.226804
0.0172	0.03	-0.324689
0.0172	0.04	-0.405526
0.0172	0.05	-0.46604
0.0172	0.06	-0.504635
0.0172	0.07	-0.521399
0.0172	0.08	-0.517934
0.0172	0.09	-0.497048
0.0172	0.1	-0.462359
0.0172	0.11	-0.417867
0.0172	0.12	-0.367557
0.0172	0.13	-0.315071
0.0172	0.14	-0.263466
0.0172	0.15	-0.215088
0.0172	0.16	-0.171536
0.0172	0.17	-0.133706
0.0172	0.18	-0.101896
0.0172	0.19	-0.0759387
0.0172	0.2	-0.0553406
0.0172	0.21	-0.0394157
0.0172	0.22	-0.027394
0.0172	0.23	-0.018505
0.0172	0.24	-0.0120331
0.0172	0.25	-0.00735036
0.0172	0.26	-0.00392839
0.0172	0.27	-0.00133891
0.0172	0.28	0.00075434
0.0172	0.29	0.0026064
0.0172	0.3	0.00466631
0.0172	0.31	0.00595427
0.0172	0.32	0.00739822
0.0172	0.33	0.00893087
0.0172	0.34	0.0104503
0.0172	0.35	0.0118191
0.0172	0.36	0.0128695
0.0172	0.37	0.0134139
0.0172	0.38	0.0132631
0.0172	0.39	0.0122485
0.0172	0.4	0.0102491
0.0172	0.41	0.00721674
0.0172	0.42	0.00319792
0.0172	0.43	-0.00165422
0.0172	0.44	-0.00707991
0.0172	0.45	-0.0127277
0.0172	0.46	-0.0181835
0.0172	0.47	-0.0230122
0.0172	0.48	-0.0268049
0.0172	0.49	-0.0292272
0.0172	0.5	-0.0300601
0.0172	0.51	-0.0292272
0.0172	0.52	-0.0268049
0.0172	0.53	-0.0230122
0.0172	0.54	-0.0181835
0.0172	0.55	-0.0127277
0.0172	0.56	-0.00707991
0.0172	0.57	-0.00165422
0.0172	0.58	0.00319792
0.0172	0.59	0.00721674
0.0172	0.6	0.0102491
0.0172	0.61	0.0122485
0.0172	0.62	0.0132631
0.0172	0.63	0.0134139
0.0172	0.64	0.0128695
0.0172	0.65	0.0118191
0.0172	0.66	0.0104503
0.0172	0.67	0.00893087
0.0172	0.68	0.00739822
0.0172	0.69	0.00595427
0.0172	0.7	0.00466631
0.0172	0.71	0.0026064
0.0172	0.72	0.00075434
0.0172	0.73	-0.00133891
0.0172	0.74	-0.00392839
0.0172	0.75	-0.00735036
0.0172	0.76	-0.0120331
0.0172	0.77	-0.018505
0.0172	0.78	-0.027394
0.0172	0.79	-0.0394157
0.0172	0.8	-0.0553406
0.0172	0.81	-0.0759387
0.0172	0.82	-0.101896
0.0172	0.83	-0.133706
0.0172	0.84	-0.171536
0.0172	0.85	-0.215088
0.0172	0.86	-0.263466
0.0172	0.87	-0.315071
0.0172	0.88	-0.367557
0.0172	0.89	-0.417867
0.0172	0.9	-0.462359
0.0172	0.91	-0.497048
0.0172	0.92	-0.517934
0.0172	0.93	-0.521399
0.0172	0.94	-0.504635
0.0172	0.95	-0.46604
0.0172	0.96	-0.405526
0.0172	0.97	-0.324689
0.0172	0.98	-0.226804
0.0172	0.99	-0.116623
0.0172	1	0


0.0177	0	0
0.0177	0.01	0.067692
0.0177	0.02	0.131445
0.0177	0.03	0.187701
0.0177	0.04	0.233607
0.0177	0.05	0.267256
0.0177	0.06	0.287801
0.0177	0.07	0.295443
0.0177	0.08	0.291306
0.0177	0.09	0.277226
0.0177	0.1	0.25549
0.0177	0.11	0.228557
0.0177	0.12	0.19882
0.0177	0.13	0.168401
0.0177	0.14	0.139026
0.0177	0.15	0.111962
0.0177	0.16	0.0880146
0.0177	0.17	0.0675745
0.0177	0.18	0.0506935
0.0177	0.19	0.0371735
0.0177	0.2	0.0266556
0.0177	0.21	0.0186982
0.0177	0.22	0.012839
0.0177	0.23	0.00863981
0.0177	0.24	0.0057135
0.0177	0.25	0.00400219
0.0177	0.26	0.00214875
0.0177	0.27	0.000823615
0.0177	0.28	-0.000189323
0.0177	0.29	-0.00104377
0.0177	0.3	-0.00184385
0.0177	0.31	-0.00265319
0.0177	0.32	-0.0035005
0.0177	0.33	-0.00438263
0.0177	0.34	-0.00526636
0.0177	0.35	-0.0060904
0.0177	0.36	-0.00676912
0.0177	0.37	-0.0071991
0.0177	0.38	-0.00726936
0.0177	0.39	-0.006875
0.0177	0.4	-0.00593346
0.0177	0.41	-0.00440126
0.0177	0.42	-0.00228876
0.0177	0.43	0.000330093
0.0177	0.44	0.00331546
0.0177	0.45	0.00646875
0.0177	0.46	0.00954921
0.0177	0.47	0.0122987
0.0177	0.48	0.0144715
0.0177	0.49	0.0158648
0.0177	0.5	0.0163447
0.0177	0.51	0.0158648
0.0177	0.52	0.0144715
0.0177	0.53	0.0122987
0.0177	0.54	0.00954921
0.0177	0.55	0.00646875
0.0177	0.56	0.00331546
0.0177	0.57	0.000330093
0.0177	0.58	-0.00228876
0.0177	0.59	-0.00440126
0.0177	0.6	-0.00593346
0.0177	0.61	-0.006875
0.0177	0.62	-0.00726936
0.0177	0.63	-0.0071991
0.0177	0.64	-0.00676912
0.0177	0.65	-0.0060904
0.0177	0.66	-0.00526636
0.0177	0.67	-0.00438263
0.0177	0.68	-0.0035005
0.0177	0.69	-0.00265319
0.0177	0.7	-0.00184385
0.0177	0.71	-0.00104377
0.0177	0.72	-0.000189323
0.0177	0.73	0.000823615
0.0177	0.74	0.00214875
0.0177	0.75	0.00400219
0.0177	0.76	0.0057135
0.0177	0.77	0.00863981
0.0177	0.78	0.012839
0.0177	0.79	0.0186982
0.0177	0.8	0.0266556
0.0177	0.81	0.0371735
0.0177	0.82	0.0506935
0.0177	0.83	0.0675745
0.0177	0.84	0.0880146
0.0177	0.85	0.111962
0.0177	0.86	0.139026
0.0177	0.87	0.168401
0.0177	0.88	0.19882
0.0177	0.89	0.228557
0.0177	0.9	0.25549
0.0177	0.91	0.277226
0.0177	0.92	0.291306
0.0177	0.93	0.295443
0.0177	0.94	0.287801
0.0177	0.95	0.267256
0.0177	0.96	0.233607
0.0177	0.97	0.187701
0.0177	0.98	0.131445
0.0177	0.99	0.067692
0.0177	1	0


0.0182	0	0
0.0182	0.01	0.170818
0.0182	0.02	0.334546
0.0182	0.03	0.48455
0.0182	0.04	0.61506
0.0182	0.05	0.721529
0.0182	0.06	0.800884
0.0182	0.07	0.851664
0.0182	0.08	0.874035
0.0182	0.09	0.869681
0.0182	0.1	0.841577
0.0182	0.11	0.793682
0.0182	0.12	0.730574
0.0182	0.13	0.65707
0.0182	0.14	0.577866
0.0182	0.15	0.497234
0.0182	0.16	0.418792
0.0182	0.17	0.345365
0.0182	0.18	0.278937
0.0182	0.19	0.220678
0.0182	0.2	0.171305
0.0182	0.21	0.129579
0.0182	0.22	0.0957921
0.0182	0.23	0.0690091
0.0182	0.24	0.0481629
0.0182	0.25	0.0321621
0.0182	0.26	0.0199734
0.0182	0.27	0.0106774
0.0182	0.28	0.00350284
0.0182	0.29	-0.00215926
0.0182	0.3	-0.00675452
0.0182	0.31	-0.0105746
0.0182	0.32	-0.0137737
0.0182	0.33	-0.0163895
0.0182	0.34	-0.018369
0.0182	0.35	-0.0195964
0.0182	0.36	-0.0199239
0.0182	0.37	-0.0192032
0.0182	0.38	-0.0173156
0.0182	0.39	-0.0141994
0.0182	0.4	-0.00987071
0.0182	0.41	-0.00443665
0.0182	0.42	0.00190169
0.0182	0.43	0.00885639
0.0182	0.44	0.0160697
0.0182	0.45	0.0231389
0.0182	0.46	0.029647
0.0182	0.47	0.035195
0.0182	0.48	0.0394337
0.0182	0.49	0.0420919
0.0182	0.5	0.0429976
0.0182	0.51	0.0420919
0.0182	0.52	0.0394337
0.0182	0.53	0.035195
0.0182	0.54	0.029647
0.0182	0.55	0.0231389
0.0182	0.56	0.0160697
0.0182	0.57	0.00885639
0.0182	0.58	0.00190169
0.0182	0.59	-0.00443665
0.0182	0.6	-0.00987071
0.0182	0.61	-0.0141994
0.0182	0.62	-0.0173156
0.0182	0.63	-0.0192032
0.0182	0.64	-0.0199239
0.0182	0.65	-0.0195964
0.0182	0.66	-0.018369
0.0182	0.67	-0.0163895
0.0182	0.68	-0.0137737
0.0182	0.69	-0.0105746
0.0182	0.7	-0.00675452
0.0182	0.71	-0.00215926
0.0182	0.72	0.00350284
0.0182	0.73	0.0106774
0.0182	0.74	0.0199734
0.0182	0.75	0.0321621
0.0182	0.76	0.0481629
0.0182	0.77	0.0690091
0.0182	0.78	0.0957921
0.0182	0.79	0.129579
0.0182	0.8	0.171305
0.0182	0.81	0.220678
0.0182	0.82	0.278937
0.0182	0.83	0.345365
0.0182	0.84	0.418792
0.0182	0.85	0.497234
0.0182	0.86	0.577866
0.0182	0.87	0.65707
0.0182	0.88	0.730574
0.0182	0.89	0.793682
0.0182	0.9	0.841577
0.0182	0.91	0.869681
0.0182	0.92	0.874035
0.0182	0.93	0.851664
0.0182	0.94	0.800884
0.0182	0.95	0.721529
0.0182	0.96	0.61506
0.0182	0.97	0.48455
0.0182	0.98	0.334546
0.0182	0.99	0.170818
0.0182	1	0


0.0187	0	0
0.0187	0.01	0.118132
0.0187	0.02	0.235669
0.0187	0.03	0.351788
0.0187	0.04	0.465257
0.0187	0.05	0.574321
0.0187	0.06	0.676699
0.0187	0.07	0.769678
0.0187	0.08	0.850314
0.0187	0.09	0.915699
0.0187	0.1	0.963273
0.0187	0.11	0.991118
0.0187	0.12	0.998209
0.0187	0.13	0.984571
0.0187	0.14	0.951333
0.0187	0.15	0.90092
0.0187	0.16	0.835247
0.0187	0.17	0.758792
0.0187	0.18	0.675385
0.0187	0.19	0.588855
0.0187	0.2	0.50274
0.0187	0.21	0.420067
0.0187	0.22	0.343203
0.0187	0.23	0.2738
0.0187	0.24	0.212805
0.0187	0.25	0.160548
0.0187	0.26	0.116856
0.0187	0.27	0.0811948
0.0187	0.28	0.0528089
0.0187	0.29	0.0308376
0.0187	0.3	0.0144096
0.0187	0.31	0.00270263
0.0187	0.32	-0.00502528
0.0187	0.33	-0.00943014
0.0187	0.34	-0.0110923
0.0187	0.35	-0.0105348
0.0187	0.36	-0.00824217
0.0187	0.37	-0.00467292
0.0187	0.38	-0.000263799
0.0187	0.39	0.00457566
0.0187	0.4	0.009476
0.0187	0.41	0.0141244
0.0187	0.42	0.0182806
0.0187	0.43	0.021788
0.0187	0.44	0.0245771
0.0187	0.45	0.0266581
0.0187	0.46	0.028106
0.0187	0.47	0.0290367
0.0187	0.48	0.0295799
0.0187	0.49	0.029852
0.0187	0.5	0.0299331
0.0187	0.51	0.029852
0.0187	0.52	0.0295799
0.0187	0.53	0.0290367
0.0187	0.54	0.028106
0.0187	0.55	0.0266581
0.0187	0.56	0.0245771
0.0187	0.57	0.021788
0.0187	0.58	0.0182806
0.0187	0.59	0.0141244
0.0187	0.6	0.009476
0.0187	0.61	0.00457566
0.0187	0.62	-0.000263799
0.0187	0.63	-0.00467292
0.0187	0.64	-0.00824217
0.0187	0.65	-0.0105348
0.0187	0.66	-0.0110923
0.0187	0.67	-0.00943014
0.0187	0.68	-0.00502528
0.0187	0.69	0.00270263
0.0187	0.7	0.0144096
0.0187	0.71	0.0308376
0.0187	0.72	0.0528089
0.0187	0.73	0.0811948
0.0187	0.74	0.116856
0.0187	0.75	0.160548
0.0187	0.76	0.212805
0.0187	0.77	0.2738
0.0187	0.78	0.343203
0.0187	0.79	0.420067
0.0187	0.8	0.50274
0.0187	0.81	0.588855
0.0187	0.82	0.675385
0.0187	0.83	0.758792
0.0187	0.84	0.835247
0.0187	0.85	0.90092
0.0187	0.86	0.951333
0.0187	0.87	0.984571
0.0187	0.88	0.998209
0.0187	0.89	0.991118
0.0187	0.9	0.963273
0.0187	0.91	0.915699
0.0187	0.92	0.850314
0.0187	0.93	0.769678
0.0187	0.94	0.676699
0.0187	0.95	0.574321
0.0187	0.96	0.465257
0.0187	0.97	0.351788
0.0187	0.98	0.235669
0.0187	0.99	0.118132
0.0187	1	0


0.0192	0	0
0.0192	0.01	0.0406244
0.0192	0.02	0.0833433
0.0192	0.03	0.130095
0.0192	0.04	0.182507
0.0192	0.05	0.241744
0.0192	0.06	0.308367
0.0192	0.07	0.382214
0.0192	0.08	0.462324
0.0192	0.09	0.546909
0.0192	0.1	0.633664
0.0192	0.11	0.718263
0.0192	0.12	0.797895
0.0192	0.13	0.868629
0.0192	0.14	0.926689
0.0192	0.15	0.96878
0.0192	0.16	0.992394
0.0192	0.17	0.996047
0.0192	0.18	0.979434
0.0192	0.19	0.943461
0.0192	0.2	0.890163
0.0192	0.21	0.822523
0.0192	0.22	0.744195
0.0192	0.23	0.659185
0.0192	0.24	0.57153
0.0192	0.25	0.484988
0.0192	0.26	0.402796
0.0192	0.27	0.327501
0.0192	0.28	0.260867
0.0192	0.29	0.203872
0.0192	0.3	0.156768
0.0192	0.31	0.119188
0.0192	0.32	0.0902956
0.0192	0.33	0.0689346
0.0192	0.34	0.0537823
0.0192	0.35	0.043482
0.0192	0.36	0.0367509
0.0192	0.37	0.0324585
0.0192	0.38	0.0296735
0.0192	0.39	0.0276842
0.0192	0.4	0.025994
0.0192	0.41	0.0243005
0.0192	0.42	0.0224621
0.0192	0.43	0.0204597
0.0192	0.44	0.0183579
0.0192	0.45	0.0162702
0.0192	0.46	0.0143293
0.0192	0.47	0.0126654
0.0192	0.48	0.011391
0.0192	0.49	0.0105912
0.0192	0.5	0.0103187
0.0192	0.51	0.0105912
0.0192	0.52	0.011391
0.0192	0.53	0.0126654
0.0192	0.54	0.0143293
0.0192	0.55	0.0162702
0.0192	0.56	0.0183579
0.0192	0.57	0.0204597
0.0192	0.58	0.0224621
0.0192	0.59	0.0243005
0.0192	0.6	0.025994
0.0192	0.61	0.0276842
0.0192	0.62	0.0296735
0.0192	0.63	0.0324585
0.0192	0.64	0.0367509
0.0192	0.65	0.043482
0.0192	0.66	0.0537823
0.0192	0.67	0.0689346
0.0192	0.68	0.0902956
0.0192	0.69	0.119188
0.0192	0.7	0.156768
0.0192	0.71	0.203872
0.0192	0.72	0.260867
0.0192	0.73	0.327501
0.0192	0.74	0.402796
0.0192	0.75	0.484988
0.0192	0.76	0.57153
0.0192	0.77	0.659185
0.0192	0.78	0.744195
0.0192	0.79	0.822523
0.0192	0.8	0.890163
0.0192	0.81	0.943461
0.0192	0.82	0.979434
0.0192	0.83	0.996047
0.0192	0.84	0.992394
0.0192	0.85	0.96878
0.0192	0.86	0.926689
0.0192	0.87	0.868629
0.0192	0.88	0.797895
0.0192	0.89	0.718263
0.0192	0.9	0.633664
0.0192	0.91	0.546909
0.0192	0.92	0.462324
0.0192	0.93	0.382214
0.0192	0.94	0.308367
0.0192	0.95	0.241744
0.0192	0.96	0.182507
0.0192	0.97	0.130095
0.0192	0.98	0.0833433
0.0192	0.99	0.0406244
0.0192	1	0


0.0197	0	0
0.0197	0.01	0.00772723
0.0197	0.02	0.0164501
0.0197	0.03	0.0271929
0.0197	0.04	0.0410278
0.0197	0.05	0.0593428
0.0197	0.06	0.0821889
0.0197	0.07	0.111561
0.0197	0.08	0.148411
0.0197	0.09	0.193497
0.0197	0.1	0.247251
0.0197	0.11	0.309642
0.0197	0.12	0.380053
0.0197	0.13	0.457187
0.0197	0.14	0.539036
0.0197	0.15	0.622907
0.0197	0.16	0.70554
0.0197	0.17	0.783298
0.0197	0.18	0.852429
0.0197	0.19	0.909363
0.0197	0.2	0.951027
0.0197	0.21	0.975123
0.0197	0.22	0.980345
0.0197	0.23	0.966501
0.0197	0.24	0.934528
0.0197	0.25	0.886383
0.0197	0.26	0.824856
0.0197	0.27	0.753295
0.0197	0.28	0.675311
0.0197	0.29	0.594474
0.0197	0.3	0.51406
0.0197	0.31	0.436844
0.0197	0.32	0.364985
0.0197	0.33	0.299971
0.0197	0.34	0.242649
0.0197	0.35	0.193297
0.0197	0.36	0.151731
0.0197	0.37	0.117431
0.0197	0.38	0.0896581
0.0197	0.39	0.0675646
0.0197	0.4	0.0502762
0.0197	0.41	0.0369558
0.0197	0.42	0.0268433
0.0197	0.43	0.0192765
0.0197	0.44	0.0136983
0.0197	0.45	0.00965456
0.0197	0.46	0.00678568
0.0197	0.47	0.0048164
0.0197	0.48	0.00354523
0.0197	0.49	0.00283526
0.0197	0.5	0.00260725
0.0197	0.51	0.00283526
0.0197	0.52	0.00354523
0.0197	0.53	0.0048164
0.0197	0.54	0.00678568
0.0197	0.55	0.00965456
0.0197	0.56	0.0136983
0.0197	0.57	0.0192765
0.0197	0.58	0.0268433
0.0197	0.59	0.0369558
0.0197	0.6	0.0502762
0.0197	0.61	0.0675646
0.0197	0.62	0.0896581
0.0197	0.63	0.117431
0.0197	0.64	0.151731
0.0197	0.65	0.193297
0.0197	0.66	0.242649
0.0197	0.67	0.299971
0.0197	0.68	0.364985
0.0197	0.69	0.436844
0.0197	0.7	0.51406
0.0197	0.71	0.594474
0.0197	0.72	0.675311
0.0197	0.73	0.753295
0.0197	0.74	0.824856
0.0197	0.75	0.886383
0.0197	0.76	0.934528
0.0197	0.77	0.966501
0.0197	0.78	0.980345
0.0197	0.79	0.975123
0.0197	0.8	0.951027
0.0197	0.81	0.909363
0.0197	0.82	0.852429
0.0197	0.83	0.783298
0.0197	0.84	0.70554
0.0197	0.85	0.622907
0.0197	0.86	0.539036
0.0197	0.87	0.457187
0.0197	0.88	0.380053
0.0197	0.89	0.309642
0.0197	0.9	0.247251
0.0197	0.91	0.193497
0.0197	0.92	0.148411
0.0197	0.93	0.111561
0.0197	0.94	0.0821889
0.0197	0.95	0.0593428
0.0197	0.96	0.0410278
0.0197	0.97	0.0271929
0.0197	0.98	0.0164501
0.0197	0.99	0.00772723
0.0197	1	0


0.0202	0	0
0.0202	0.01	0.000536666
0.0202	0.02	0.00102477
0.0202	0.03	0.0018655
0.0202	0.04	0.00326216
0.0202	0.05	0.00550651
0.0202	0.06	0.00900243
0.0202	0.07	0.0142886
0.0202	0.08	0.0220559
0.0202	0.09	0.033155
0.0202	0.1	0.0485861
0.0202	0.11	0.0694655
0.0202	0.12	0.0969636
0.0202	0.13	0.132211
0.0202	0.14	0.176171
0.0202	0.15	0.229498
0.0202	0.16	0.292371
0.0202	0.17	0.36435
0.0202	0.18	0.444254
0.0202	0.19	0.530103
0.0202	0.2	0.619127
0.0202	0.21	0.707872
0.0202	0.22	0.792399
0.0202	0.23	0.868555
0.0202	0.24	0.932308
0.0202	0.25	0.9801
0.0202	0.26	1.00917
0.0202	0.27	1.01783
0.0202	0.28	1.00561
0.0202	0.29	0.973304
0.0202	0.3	0.922912
0.0202	0.31	0.857399
0.0202	0.32	0.78043
0.0202	0.33	0.696034
0.0202	0.34	0.608257
0.0202	0.35	0.520854
0.0202	0.36	0.437049
0.0202	0.37	0.359369
0.0202	0.38	0.289574
0.0202	0.39	0.228663
0.0202	0.4	0.176957
0.0202	0.41	0.134216
0.0202	0.42	0.0997849
0.0202	0.43	0.0727436
0.0202	0.44	0.0520419
0.0202	0.45	0.0366132
0.0202	0.46	0.0254618
0.0202	0.47	0.0177231
0.0202	0.48	0.0127019
0.0202	0.49	0.00989278
0.0202	0.5	0.00899044
0.0202	0.51	0.00989278
0.0202	0.52	0.0127019
0.0202	0.53	0.0177231
0.0202	0.54	0.0254618
0.0202	0.55	0.0366132
0.0202	0.56	0.0520419
0.0202	0.57	0.0727436
0.0202	0.58	0.0997849
0.0202	0.59	0.134216
0.0202	0.6	0.176957
0.0202	0.61	0.228663
0.0202	0.62	0.289574
0.0202	0.63	0.359369
0.0202	0.64	0.437049
0.0202	0.65	0.520854
0.0202	0.66	0.608257
0.0202	0.67	0.696034
0.0202	0.68	0.78043
0.0202	0.69	0.857399
0.0202	0.7	0.922912
0.0202	0.71	0.973304
0.0202	0.72	1.00561
0.0202	0.73	1.01783
0.0202	0.74	1.00917
0.0202	0.75	0.9801
0.0202	0.76	0.932308
0.0202	0.77	0.868555
0.0202	0.78	0.792399
0.0202	0.79	0.707872
0.0202	0.8	0.619127
0.0202	0.81	0.530103
0.0202	0.82	0.444254
0.0202	0.83	0.36435
0.0202	0.84	0.292371
0.0202	0.85	0.229498
0.0202	0.86	0.176171
0.0202	0.87	0.132211
0.0202	0.88	0.0969636
0.0202	0.89	0.0694655
0.0202	0.9	0.0485861
0.0202	0.91	0.033155
0.0202	0.92	0.0220559
0.0202	0.93	0.0142886
0.0202	0.94	0.00900243
0.0202	0.95	0.00550651
0.0202	0.96	0.00326216
0.0202	0.97	0.0018655
0.0202	0.98	0.00102477
0.0202	0.99	0.000536666
0.0202	1	0


