# columna 1: tiempo
# columna 2: coordenada x
# columna 3: u(x,t)
0	0	1.38879e-11
0	0.01	3.73757e-11
0	0.02	9.85951e-11
0	0.03	2.54938e-10
0	0.04	6.46143e-10
0	0.05	1.60523e-09
0	0.06	3.90894e-09
0	0.07	9.33029e-09
0	0.08	2.18296e-08
0	0.09	5.00622e-08
0	0.1	1.12535e-07
0	0.11	2.4796e-07
0	0.12	5.35535e-07
0	0.13	1.13373e-06
0	0.14	2.35258e-06
0	0.15	4.78512e-06
0	0.16	9.54016e-06
0	0.17	1.86437e-05
0	0.18	3.57128e-05
0	0.19	6.70548e-05
0	0.2	0.00012341
0	0.21	0.00022263
0	0.22	0.000393669
0	0.23	0.000682328
0	0.24	0.00115923
0	0.25	0.00193045
0	0.26	0.00315111
0	0.27	0.00504176
0	0.28	0.00790705
0	0.29	0.0121552
0	0.3	0.0183156
0	0.31	0.0270518
0	0.32	0.0391639
0	0.33	0.0555762
0	0.34	0.0773047
0	0.35	0.105399
0	0.36	0.140858
0	0.37	0.18452
0	0.38	0.236928
0	0.39	0.298197
0	0.4	0.367879
0	0.41	0.444858
0	0.42	0.527292
0	0.43	0.612626
0	0.44	0.697676
0	0.45	0.778801
0	0.46	0.852144
0	0.47	0.913931
0	0.48	0.960789
0	0.49	0.99005
0	0.5	1
0	0.51	0.99005
0	0.52	0.960789
0	0.53	0.913931
0	0.54	0.852144
0	0.55	0.778801
0	0.56	0.697676
0	0.57	0.612626
0	0.58	0.527292
0	0.59	0.444858
0	0.6	0.367879
0	0.61	0.298197
0	0.62	0.236928
0	0.63	0.18452
0	0.64	0.140858
0	0.65	0.105399
0	0.66	0.0773047
0	0.67	0.0555762
0	0.68	0.0391639
0	0.69	0.0270518
0	0.7	0.0183156
0	0.71	0.0121552
0	0.72	0.00790705
0	0.73	0.00504176
0	0.74	0.00315111
0	0.75	0.00193045
0	0.76	0.00115923
0	0.77	0.000682328
0	0.78	0.000393669
0	0.79	0.00022263
0	0.8	0.00012341
0	0.81	6.70548e-05
0	0.82	3.57128e-05
0	0.83	1.86437e-05
0	0.84	9.54016e-06
0	0.85	4.78512e-06
0	0.86	2.35258e-06
0	0.87	1.13373e-06
0	0.88	5.35535e-07
0	0.89	2.4796e-07
0	0.9	1.12535e-07
0	0.91	5.00622e-08
0	0.92	2.18296e-08
0	0.93	9.33029e-09
0	0.94	3.90894e-09
0	0.95	1.60523e-09
0	0.96	6.46143e-10
0	0.97	2.54938e-10
0	0.98	9.85951e-11
0	0.99	3.73757e-11
0	1	1.38879e-11


0.0001	0	2.77759e-11
0.0001	0.01	7.40039e-11
0.0001	0.02	1.93246e-10
0.0001	0.03	4.9458e-10
0.0001	0.04	1.24059e-09
0.0001	0.05	3.04993e-09
0.0001	0.06	7.3488e-09
0.0001	0.07	1.73543e-08
0.0001	0.08	4.01664e-08
0.0001	0.09	9.11132e-08
0.0001	0.1	2.02563e-07
0.0001	0.11	4.41368e-07
0.0001	0.12	9.42541e-07
0.0001	0.13	1.97269e-06
0.0001	0.14	4.04643e-06
0.0001	0.15	8.1347e-06
0.0001	0.16	1.60275e-05
0.0001	0.17	3.09486e-05
0.0001	0.18	5.85691e-05
0.0001	0.19	0.000108629
0.0001	0.2	0.000197456
0.0001	0.21	0.000351755
0.0001	0.22	0.000614124
0.0001	0.23	0.00105079
0.0001	0.24	0.00176203
0.0001	0.25	0.00289568
0.0001	0.26	0.00466365
0.0001	0.27	0.00736097
0.0001	0.28	0.0113862
0.0001	0.29	0.0172604
0.0001	0.3	0.0256419
0.0001	0.31	0.0373315
0.0001	0.32	0.0532629
0.0001	0.33	0.0744721
0.0001	0.34	0.102042
0.0001	0.35	0.137019
0.0001	0.36	0.180299
0.0001	0.37	0.232495
0.0001	0.38	0.29379
0.0001	0.39	0.363801
0.0001	0.4	0.441455
0.0001	0.41	0.524933
0.0001	0.42	0.611659
0.0001	0.43	0.698394
0.0001	0.44	0.781397
0.0001	0.45	0.856681
0.0001	0.46	0.920315
0.0001	0.47	0.968767
0.0001	0.48	0.999221
0.0001	0.49	1.00985
0.0001	0.5	1
0.0001	0.51	0.970249
0.0001	0.52	0.922358
0.0001	0.53	0.859095
0.0001	0.54	0.783972
0.0001	0.55	0.700921
0.0001	0.56	0.613955
0.0001	0.57	0.526859
0.0001	0.58	0.442926
0.0001	0.59	0.364784
0.0001	0.6	0.294304
0.0001	0.61	0.232594
0.0001	0.62	0.180065
0.0001	0.63	0.136544
0.0001	0.64	0.101418
0.0001	0.65	0.0737795
0.0001	0.66	0.0525672
0.0001	0.67	0.0366803
0.0001	0.68	0.0250649
0.0001	0.69	0.0167721
0.0001	0.7	0.0109894
0.0001	0.71	0.00705
0.0001	0.72	0.00442795
0.0001	0.73	0.00272255
0.0001	0.74	0.00163858
0.0001	0.75	0.000965227
0.0001	0.76	0.00055643
0.0001	0.77	0.000313871
0.0001	0.78	0.000173214
0.0001	0.79	9.35045e-05
0.0001	0.8	4.93639e-05
0.0001	0.81	2.54808e-05
0.0001	0.82	1.28566e-05
0.0001	0.83	6.33887e-06
0.0001	0.84	3.05285e-06
0.0001	0.85	1.43554e-06
0.0001	0.86	6.58721e-07
0.0001	0.87	2.94769e-07
0.0001	0.88	1.28528e-07
0.0001	0.89	5.45511e-08
0.0001	0.9	2.2507e-08
0.0001	0.91	9.01119e-09
0.0001	0.92	3.49273e-09
0.0001	0.93	1.30624e-09
0.0001	0.94	4.69073e-10
0.0001	0.95	1.60523e-10
0.0001	0.96	5.16915e-11
0.0001	0.97	1.52963e-11
0.0001	0.98	3.9438e-12
0.0001	0.99	7.47514e-13
0.0001	1	-1.61559e-27


0.0002	0	0
0.0002	0.01	1.83646e-10
0.0002	0.02	4.69989e-10
0.0002	0.03	1.1789e-09
0.0002	0.04	2.89837e-09
0.0002	0.05	6.98417e-09
0.0002	0.06	1.64953e-08
0.0002	0.07	3.81849e-08
0.0002	0.08	8.66379e-08
0.0002	0.09	1.92668e-07
0.0002	0.1	4.19946e-07
0.0002	0.11	8.97145e-07
0.0002	0.12	1.87852e-06
0.0002	0.13	3.85524e-06
0.0002	0.14	7.75481e-06
0.0002	0.15	1.52888e-05
0.0002	0.16	2.95431e-05
0.0002	0.17	5.59528e-05
0.0002	0.18	0.000103865
0.0002	0.19	0.00018897
0.0002	0.2	0.000336974
0.0002	0.21	0.00058895
0.0002	0.22	0.00100887
0.0002	0.23	0.00169382
0.0002	0.24	0.00278724
0.0002	0.25	0.00449522
0.0002	0.26	0.00710554
0.0002	0.27	0.011008
0.0002	0.28	0.0167143
0.0002	0.29	0.0248729
0.0002	0.3	0.0362763
0.0002	0.31	0.0518529
0.0002	0.32	0.0726398
0.0002	0.33	0.0997289
0.0002	0.34	0.134186
0.0002	0.35	0.176942
0.0002	0.36	0.228655
0.0002	0.37	0.28957
0.0002	0.38	0.359368
0.0002	0.39	0.437048
0.0002	0.4	0.520854
0.0002	0.41	0.608256
0.0002	0.42	0.696034
0.0002	0.43	0.78043
0.0002	0.44	0.857399
0.0002	0.45	0.922912
0.0002	0.46	0.973304
0.0002	0.47	1.00561
0.0002	0.48	1.01783
0.0002	0.49	1.00917
0.0002	0.5	0.9801
0.0002	0.51	0.932308
0.0002	0.52	0.868555
0.0002	0.53	0.792399
0.0002	0.54	0.707872
0.0002	0.55	0.619127
0.0002	0.56	0.530103
0.0002	0.57	0.444254
0.0002	0.58	0.36435
0.0002	0.59	0.292371
0.0002	0.6	0.229498
0.0002	0.61	0.176171
0.0002	0.62	0.132211
0.0002	0.63	0.0969636
0.0002	0.64	0.0694655
0.0002	0.65	0.0485861
0.0002	0.66	0.033155
0.0002	0.67	0.0220559
0.0002	0.68	0.0142886
0.0002	0.69	0.00900243
0.0002	0.7	0.00550651
0.0002	0.71	0.00326216
0.0002	0.72	0.0018655
0.0002	0.73	0.00102477
0.0002	0.74	0.000536666
0.0002	0.75	0.000264554
0.0002	0.76	0.000119869
0.0002	0.77	4.73163e-05
0.0002	0.78	1.37064e-05
0.0002	0.79	-5.15574e-08
0.0002	0.8	-4.42443e-06
0.0002	0.81	-4.83428e-06
0.0002	0.82	-3.89314e-06
0.0002	0.83	-2.73426e-06
0.0002	0.84	-1.76576e-06
0.0002	0.85	-1.07354e-06
0.0002	0.86	-6.22271e-07
0.0002	0.87	-3.46478e-07
0.0002	0.88	-1.86215e-07
0.0002	0.89	-9.69242e-08
0.0002	0.9	-4.89729e-08
0.0002	0.91	-2.40624e-08
0.0002	0.92	-1.15121e-08
0.0002	0.93	-5.36848e-09
0.0002	0.94	-2.44218e-09
0.0002	0.95	-1.08446e-09
0.0002	0.96	-4.70324e-10
0.0002	0.97	-1.99303e-10
0.0002	0.98	-8.25513e-11
0.0002	0.99	-3.34319e-11
0.0002	1	0


0.0007	0	0
0.0007	0.01	1.34454e-08
0.0007	0.02	3.65797e-08
0.0007	0.03	8.51328e-08
0.0007	0.04	1.90067e-07
0.0007	0.05	4.14362e-07
0.0007	0.06	8.84832e-07
0.0007	0.07	1.85159e-06
0.0007	0.08	3.79754e-06
0.0007	0.09	7.63374e-06
0.0007	0.1	1.504e-05
0.0007	0.11	2.90423e-05
0.0007	0.12	5.49657e-05
0.0007	0.13	0.000101959
0.0007	0.14	0.000185369
0.0007	0.15	0.000330309
0.0007	0.16	0.000576872
0.0007	0.17	0.000987447
0.0007	0.18	0.00165662
0.0007	0.19	0.00272399
0.0007	0.2	0.00439
0.0007	0.21	0.00693423
0.0007	0.22	0.0107351
0.0007	0.23	0.0162889
0.0007	0.24	0.0242245
0.0007	0.25	0.0353096
0.0007	0.26	0.050444
0.0007	0.27	0.0706326
0.0007	0.28	0.0969352
0.0007	0.29	0.130389
0.0007	0.3	0.171903
0.0007	0.31	0.222133
0.0007	0.32	0.281342
0.0007	0.33	0.349262
0.0007	0.34	0.424978
0.0007	0.35	0.506861
0.0007	0.36	0.592549
0.0007	0.37	0.679018
0.0007	0.38	0.76273
0.0007	0.39	0.839855
0.0007	0.4	0.906558
0.0007	0.41	0.959311
0.0007	0.42	0.995204
0.0007	0.43	1.01221
0.0007	0.44	1.00938
0.0007	0.45	0.986893
0.0007	0.46	0.94609
0.0007	0.47	0.889278
0.0007	0.48	0.819534
0.0007	0.49	0.740415
0.0007	0.5	0.655656
0.0007	0.51	0.56888
0.0007	0.52	0.483358
0.0007	0.53	0.401834
0.0007	0.54	0.326419
0.0007	0.55	0.25857
0.0007	0.56	0.199116
0.0007	0.57	0.148336
0.0007	0.58	0.106064
0.0007	0.59	0.071798
0.0007	0.6	0.0448058
0.0007	0.61	0.024222
0.0007	0.62	0.00912293
0.0007	0.63	-0.00141414
0.0007	0.64	-0.00826831
0.0007	0.65	-0.012246
0.0007	0.66	-0.0140631
0.0007	0.67	-0.0143347
0.0007	0.68	-0.0135726
0.0007	0.69	-0.0121867
0.0007	0.7	-0.0104922
0.0007	0.71	-0.00871811
0.0007	0.72	-0.00702011
0.0007	0.73	-0.005493
0.0007	0.74	-0.00418438
0.0007	0.75	-0.00310733
0.0007	0.76	-0.00225163
0.0007	0.77	-0.00159321
0.0007	0.78	-0.00110142
0.0007	0.79	-0.000744264
0.0007	0.8	-0.000491741
0.0007	0.81	-0.000317761
0.0007	0.82	-0.00020087
0.0007	0.83	-0.00012424
0.0007	0.84	-7.51977e-05
0.0007	0.85	-4.45453e-05
0.0007	0.86	-2.58288e-05
0.0007	0.87	-1.46606e-05
0.0007	0.88	-8.14674e-06
0.0007	0.89	-4.43234e-06
0.0007	0.9	-2.36118e-06
0.0007	0.91	-1.23168e-06
0.0007	0.92	-6.29165e-07
0.0007	0.93	-3.14739e-07
0.0007	0.94	-1.54197e-07
0.0007	0.95	-7.39741e-08
0.0007	0.96	-3.47321e-08
0.0007	0.97	-1.59067e-08
0.0007	0.98	-6.97371e-09
0.0007	0.99	-2.6027e-09
0.0007	1	0


0.0012	0	0
0.0012	0.01	6.94582e-07
0.0012	0.02	1.76598e-06
0.0012	0.03	3.75978e-06
0.0012	0.04	7.61739e-06
0.0012	0.05	1.5033e-05
0.0012	0.06	2.90393e-05
0.0012	0.07	5.49641e-05
0.0012	0.08	0.000101958
0.0012	0.09	0.000185366
0.0012	0.1	0.000330303
0.0012	0.11	0.00057686
0.0012	0.12	0.00098742
0.0012	0.13	0.00165656
0.0012	0.14	0.00272387
0.0012	0.15	0.00438975
0.0012	0.16	0.00693373
0.0012	0.17	0.0107341
0.0012	0.18	0.016287
0.0012	0.19	0.0242209
0.0012	0.2	0.0353029
0.0012	0.21	0.0504319
0.0012	0.22	0.0706112
0.0012	0.23	0.096898
0.0012	0.24	0.130326
0.0012	0.25	0.171798
0.0012	0.26	0.221962
0.0012	0.27	0.281069
0.0012	0.28	0.348836
0.0012	0.29	0.42433
0.0012	0.3	0.505894
0.0012	0.31	0.59114
0.0012	0.32	0.677011
0.0012	0.33	0.759936
0.0012	0.34	0.836057
0.0012	0.35	0.901519
0.0012	0.36	0.952789
0.0012	0.37	0.986977
0.0012	0.38	1.00211
0.0012	0.39	0.997305
0.0012	0.4	0.972901
0.0012	0.41	0.930382
0.0012	0.42	0.872262
0.0012	0.43	0.801833
0.0012	0.44	0.722871
0.0012	0.45	0.639301
0.0012	0.46	0.554886
0.0012	0.47	0.472957
0.0012	0.48	0.396217
0.0012	0.49	0.326623
0.0012	0.5	0.265364
0.0012	0.51	0.212898
0.0012	0.52	0.16906
0.0012	0.53	0.133199
0.0012	0.54	0.104341
0.0012	0.55	0.0813346
0.0012	0.56	0.0629984
0.0012	0.57	0.0482266
0.0012	0.58	0.0360696
0.0012	0.59	0.02578
0.0012	0.6	0.0168264
0.0012	0.61	0.00888158
0.0012	0.62	0.00179102
0.0012	0.63	-0.00447176
0.0012	0.64	-0.00985426
0.0012	0.65	-0.0142725
0.0012	0.66	-0.0176511
0.0012	0.67	-0.0199531
0.0012	0.68	-0.0211957
0.0012	0.69	-0.0214551
0.0012	0.7	-0.0208599
0.0012	0.71	-0.0195769
0.0012	0.72	-0.0177934
0.0012	0.73	-0.0156988
0.0012	0.74	-0.0134677
0.0012	0.75	-0.0112485
0.0012	0.76	-0.00915574
0.0012	0.77	-0.00726829
0.0012	0.78	-0.00563094
0.0012	0.79	-0.00425953
0.0012	0.8	-0.00314745
0.0012	0.81	-0.00227262
0.0012	0.82	-0.00160398
0.0012	0.83	-0.00110684
0.0012	0.84	-0.000746931
0.0012	0.85	-0.000493029
0.0012	0.86	-0.00031837
0.0012	0.87	-0.000201153
0.0012	0.88	-0.000124368
0.0012	0.89	-7.5255e-05
0.0012	0.9	-4.45704e-05
0.0012	0.91	-2.58395e-05
0.0012	0.92	-1.4665e-05
0.0012	0.93	-8.14835e-06
0.0012	0.94	-4.4325e-06
0.0012	0.95	-2.3601e-06
0.0012	0.96	-1.22861e-06
0.0012	0.97	-6.21992e-07
0.0012	0.98	-2.9875e-07
0.0012	0.99	-1.19431e-07
0.0012	1	0


0.0017	0	0
0.0017	0.01	2.14084e-05
0.0017	0.02	5.11677e-05
0.0017	0.03	0.000100107
0.0017	0.04	0.000184481
0.0017	0.05	0.000329889
0.0017	0.06	0.00057667
0.0017	0.07	0.000987334
0.0017	0.08	0.00165652
0.0017	0.09	0.00272386
0.0017	0.1	0.00438974
0.0017	0.11	0.00693373
0.0017	0.12	0.0107341
0.0017	0.13	0.016287
0.0017	0.14	0.0242209
0.0017	0.15	0.0353029
0.0017	0.16	0.0504319
0.0017	0.17	0.0706112
0.0017	0.18	0.096898
0.0017	0.19	0.130325
0.0017	0.2	0.171798
0.0017	0.21	0.221962
0.0017	0.22	0.281068
0.0017	0.23	0.348835
0.0017	0.24	0.424326
0.0017	0.25	0.505888
0.0017	0.26	0.591128
0.0017	0.27	0.676989
0.0017	0.28	0.759899
0.0017	0.29	0.835994
0.0017	0.3	0.901413
0.0017	0.31	0.952618
0.0017	0.32	0.986704
0.0017	0.33	1.00168
0.0017	0.34	0.996657
0.0017	0.35	0.971934
0.0017	0.36	0.928973
0.0017	0.37	0.870255
0.0017	0.38	0.79904
0.0017	0.39	0.719073
0.0017	0.4	0.634262
0.0017	0.41	0.548364
0.0017	0.42	0.46473
0.0017	0.43	0.386111
0.0017	0.44	0.314553
0.0017	0.45	0.251371
0.0017	0.46	0.19719
0.0017	0.47	0.152043
0.0017	0.48	0.115499
0.0017	0.49	0.0867968
0.0017	0.5	0.0649801
0.0017	0.51	0.0490049
0.0017	0.52	0.0378257
0.0017	0.53	0.0304526
0.0017	0.54	0.025984
0.0017	0.55	0.0236201
0.0017	0.56	0.0226637
0.0017	0.57	0.0225144
0.0017	0.58	0.0226632
0.0017	0.59	0.0226884
0.0017	0.6	0.0222564
0.0017	0.61	0.0211253
0.0017	0.62	0.0191506
0.0017	0.63	0.0162881
0.0017	0.64	0.0125932
0.0017	0.65	0.00821252
0.0017	0.66	0.0033678
0.0017	0.67	-0.00166769
0.0017	0.68	-0.00659796
0.0017	0.69	-0.0111352
0.0017	0.7	-0.0150288
0.0017	0.71	-0.0180888
0.0017	0.72	-0.0202013
0.0017	0.73	-0.0213336
0.0017	0.74	-0.0215303
0.0017	0.75	-0.0209
0.0017	0.76	-0.0195979
0.0017	0.77	-0.0178042
0.0017	0.78	-0.0157042
0.0017	0.79	-0.0134703
0.0017	0.8	-0.0112497
0.0017	0.81	-0.00915635
0.0017	0.82	-0.00726858
0.0017	0.83	-0.00563107
0.0017	0.84	-0.00425959
0.0017	0.85	-0.00314748
0.0017	0.86	-0.00227263
0.0017	0.87	-0.00160398
0.0017	0.88	-0.00110684
0.0017	0.89	-0.000746931
0.0017	0.9	-0.000493028
0.0017	0.91	-0.000318367
0.0017	0.92	-0.000201146
0.0017	0.93	-0.000124352
0.0017	0.94	-7.52202e-05
0.0017	0.95	-4.44964e-05
0.0017	0.96	-2.56853e-05
0.0017	0.97	-1.43503e-05
0.0017	0.98	-7.51938e-06
0.0017	0.99	-3.20129e-06
0.0017	1	0


0.0022	0	0
0.0022	0.01	0.000391494
0.0022	0.02	0.000885462
0.0022	0.03	0.0016016
0.0022	0.04	0.00269483
0.0022	0.05	0.00437471
0.0022	0.06	0.0069261
0.0022	0.07	0.0107304
0.0022	0.08	0.0162852
0.0022	0.09	0.02422
0.0022	0.1	0.0353025
0.0022	0.11	0.0504317
0.0022	0.12	0.0706111
0.0022	0.13	0.0968979
0.0022	0.14	0.130325
0.0022	0.15	0.171798
0.0022	0.16	0.221962
0.0022	0.17	0.281068
0.0022	0.18	0.348835
0.0022	0.19	0.424326
0.0022	0.2	0.505888
0.0022	0.21	0.591128
0.0022	0.22	0.676989
0.0022	0.23	0.759899
0.0022	0.24	0.835994
0.0022	0.25	0.901413
0.0022	0.26	0.952617
0.0022	0.27	0.986703
0.0022	0.28	1.00168
0.0022	0.29	0.996653
0.0022	0.3	0.971927
0.0022	0.31	0.928961
0.0022	0.32	0.870233
0.0022	0.33	0.799002
0.0022	0.34	0.71901
0.0022	0.35	0.634157
0.0022	0.36	0.548193
0.0022	0.37	0.464457
0.0022	0.38	0.385686
0.0022	0.39	0.313905
0.0022	0.4	0.250405
0.0022	0.41	0.195781
0.0022	0.42	0.150036
0.0022	0.43	0.112705
0.0022	0.44	0.0829992
0.0022	0.45	0.0599413
0.0022	0.46	0.0424832
0.0022	0.47	0.0295984
0.0022	0.48	0.0203469
0.0022	0.49	0.013914
0.0022	0.5	0.00962731
0.0022	0.51	0.00695582
0.0022	0.52	0.00549809
0.0022	0.53	0.00496259
0.0022	0.54	0.00514455
0.0022	0.55	0.00590188
0.0022	0.56	0.00713181
0.0022	0.57	0.00874973
0.0022	0.58	0.0106711
0.0022	0.59	0.0127972
0.0022	0.6	0.0150063
0.0022	0.61	0.0171499
0.0022	0.62	0.0190557
0.0022	0.63	0.020537
0.0022	0.64	0.0214075
0.0022	0.65	0.0215001
0.0022	0.66	0.0206877
0.0022	0.67	0.0189024
0.0022	0.68	0.0161501
0.0022	0.69	0.012518
0.0022	0.7	0.0081724
0.0022	0.71	0.00334681
0.0022	0.72	-0.00167845
0.0022	0.73	-0.00660337
0.0022	0.74	-0.0111379
0.0022	0.75	-0.01503
0.0022	0.76	-0.0180894
0.0022	0.77	-0.0202015
0.0022	0.78	-0.0213338
0.0022	0.79	-0.0215303
0.0022	0.8	-0.0209
0.0022	0.81	-0.0195979
0.0022	0.82	-0.0178042
0.0022	0.83	-0.0157042
0.0022	0.84	-0.0134703
0.0022	0.85	-0.0112497
0.0022	0.86	-0.00915635
0.0022	0.87	-0.00726857
0.0022	0.88	-0.00563105
0.0022	0.89	-0.00425955
0.0022	0.9	-0.0031474
0.0022	0.91	-0.00227248
0.0022	0.92	-0.00160367
0.0022	0.93	-0.00110621
0.0022	0.94	-0.0007457
0.0022	0.95	-0.000490668
0.0022	0.96	-0.000313938
0.0022	0.97	-0.000193004
0.0022	0.98	-0.000109703
0.0022	0.99	-4.94155e-05
0.0022	1	0


0.0027	0	0
0.0027	0.01	0.00420986
0.0027	0.02	0.00907759
0.0027	0.03	0.0152996
0.0027	0.04	0.023644
0.0027	0.05	0.0349726
0.0027	0.06	0.0502465
0.0027	0.07	0.0705092
0.0027	0.08	0.096843
0.0027	0.09	0.130296
0.0027	0.1	0.171782
0.0027	0.11	0.221954
0.0027	0.12	0.281065
0.0027	0.13	0.348833
0.0027	0.14	0.424326
0.0027	0.15	0.505887
0.0027	0.16	0.591127
0.0027	0.17	0.676989
0.0027	0.18	0.759899
0.0027	0.19	0.835994
0.0027	0.2	0.901413
0.0027	0.21	0.952617
0.0027	0.22	0.986703
0.0027	0.23	1.00168
0.0027	0.24	0.996653
0.0027	0.25	0.971927
0.0027	0.26	0.928961
0.0027	0.27	0.870233
0.0027	0.28	0.799002
0.0027	0.29	0.71901
0.0027	0.3	0.634157
0.0027	0.31	0.548192
0.0027	0.32	0.464456
0.0027	0.33	0.385684
0.0027	0.34	0.313901
0.0027	0.35	0.250398
0.0027	0.36	0.195769
0.0027	0.37	0.150015
0.0027	0.38	0.112668
0.0027	0.39	0.0829359
0.0027	0.4	0.059836
0.0027	0.41	0.0423119
0.0027	0.42	0.0293255
0.0027	0.43	0.0199215
0.0027	0.44	0.0132656
0.0027	0.45	0.00866066
0.0027	0.46	0.00554688
0.0027	0.47	0.00349093
0.0027	0.48	0.00216887
0.0027	0.49	0.00134696
0.0027	0.5	0.000863051
0.0027	0.51	0.000610049
0.0027	0.52	0.000522363
0.0027	0.53	0.000565315
0.0027	0.54	0.000727212
0.0027	0.55	0.00101347
0.0027	0.56	0.00144203
0.0027	0.57	0.00203938
0.0027	0.58	0.0028364
0.0027	0.59	0.00386362
0.0027	0.6	0.00514559
0.0027	0.61	0.00669418
0.0027	0.62	0.00850155
0.0027	0.63	0.0105331
0.0027	0.64	0.0127221
0.0027	0.65	0.0149662
0.0027	0.66	0.0171289
0.0027	0.67	0.0190449
0.0027	0.68	0.0205316
0.0027	0.69	0.0214048
0.0027	0.7	0.0214988
0.0027	0.71	0.0206871
0.0027	0.72	0.0189021
0.0027	0.73	0.01615
0.0027	0.74	0.012518
0.0027	0.75	0.00817237
0.0027	0.76	0.0033468
0.0027	0.77	-0.00167846
0.0027	0.78	-0.00660337
0.0027	0.79	-0.0111379
0.0027	0.8	-0.01503
0.0027	0.81	-0.0180894
0.0027	0.82	-0.0202015
0.0027	0.83	-0.0213337
0.0027	0.84	-0.0215303
0.0027	0.85	-0.0209
0.0027	0.86	-0.0195977
0.0027	0.87	-0.0178039
0.0027	0.88	-0.0157035
0.0027	0.89	-0.0134691
0.0027	0.9	-0.0112474
0.0027	0.91	-0.00915192
0.0027	0.92	-0.00726043
0.0027	0.93	-0.00561641
0.0027	0.94	-0.00423375
0.0027	0.95	-0.00310291
0.0027	0.96	-0.00219738
0.0027	0.97	-0.00147961
0.0027	0.98	-0.000905686
0.0027	0.99	-0.000428561
0.0027	1	0


0.0032	0	0
0.0032	0.01	0.0262111
0.0032	0.02	0.0543241
0.0032	0.03	0.0861638
0.0032	0.04	0.123392
0.0032	0.05	0.167408
0.0032	0.06	0.219238
0.0032	0.07	0.279412
0.0032	0.08	0.347847
0.0032	0.09	0.42375
0.0032	0.1	0.505557
0.0032	0.11	0.590942
0.0032	0.12	0.676887
0.0032	0.13	0.759844
0.0032	0.14	0.835965
0.0032	0.15	0.901398
0.0032	0.16	0.952609
0.0032	0.17	0.986699
0.0032	0.18	1.00168
0.0032	0.19	0.996652
0.0032	0.2	0.971927
0.0032	0.21	0.928961
0.0032	0.22	0.870233
0.0032	0.23	0.799002
0.0032	0.24	0.71901
0.0032	0.25	0.634157
0.0032	0.26	0.548192
0.0032	0.27	0.464456
0.0032	0.28	0.385684
0.0032	0.29	0.313901
0.0032	0.3	0.250398
0.0032	0.31	0.195769
0.0032	0.32	0.150015
0.0032	0.33	0.112668
0.0032	0.34	0.0829358
0.0032	0.35	0.0598358
0.0032	0.36	0.0423114
0.0032	0.37	0.0293245
0.0032	0.38	0.0199196
0.0032	0.39	0.013262
0.0032	0.4	0.00865399
0.0032	0.41	0.0055348
0.0032	0.42	0.00346951
0.0032	0.43	0.00213166
0.0032	0.44	0.00128372
0.0032	0.45	0.000757832
0.0032	0.46	0.00043874
0.0032	0.47	0.000249457
0.0032	0.48	0.000139981
0.0032	0.49	7.88073e-05
0.0032	0.5	4.68166e-05
0.0032	0.51	3.30948e-05
0.0032	0.52	3.22236e-05
0.0032	0.53	4.26781e-05
0.0032	0.54	6.60329e-05
0.0032	0.55	0.000106756
0.0032	0.56	0.000172419
0.0032	0.57	0.000274177
0.0032	0.58	0.000427368
0.0032	0.59	0.000652066
0.0032	0.6	0.000973349
0.0032	0.61	0.00142104
0.0032	0.62	0.00202861
0.0032	0.63	0.00283098
0.0032	0.64	0.00386096
0.0032	0.65	0.0051443
0.0032	0.66	0.00669357
0.0032	0.67	0.00850126
0.0032	0.68	0.010533
0.0032	0.69	0.012722
0.0032	0.7	0.0149662
0.0032	0.71	0.0171289
0.0032	0.72	0.0190449
0.0032	0.73	0.0205316
0.0032	0.74	0.0214048
0.0032	0.75	0.0214988
0.0032	0.76	0.0206871
0.0032	0.77	0.0189021
0.0032	0.78	0.01615
0.0032	0.79	0.012518
0.0032	0.8	0.00817245
0.0032	0.81	0.00334695
0.0032	0.82	-0.00167814
0.0032	0.83	-0.00660274
0.0032	0.84	-0.0111366
0.0032	0.85	-0.0150277
0.0032	0.86	-0.0180849
0.0032	0.87	-0.0201934
0.0032	0.88	-0.0213191
0.0032	0.89	-0.0215045
0.0032	0.9	-0.0208555
0.0032	0.91	-0.0195226
0.0032	0.92	-0.0176798
0.0032	0.93	-0.015503
0.0032	0.94	-0.013152
0.0032	0.95	-0.0107567
0.0032	0.96	-0.00840942
0.0032	0.97	-0.00616174
0.0032	0.98	-0.00402709
0.0032	0.99	-0.00198695
0.0032	1	0


0.0037	0	0
0.0037	0.01	0.0916362
0.0037	0.02	0.18417
0.0037	0.03	0.278223
0.0037	0.04	0.373895
0.0037	0.05	0.470585
0.0037	0.06	0.566907
0.0037	0.07	0.660702
0.0037	0.08	0.749165
0.0037	0.09	0.82906
0.0037	0.1	0.897023
0.0037	0.11	0.949893
0.0037	0.12	0.985046
0.0037	0.13	1.00069
0.0037	0.14	0.996076
0.0037	0.15	0.971597
0.0037	0.16	0.928776
0.0037	0.17	0.870131
0.0037	0.18	0.798947
0.0037	0.19	0.718981
0.0037	0.2	0.634142
0.0037	0.21	0.548185
0.0037	0.22	0.464452
0.0037	0.23	0.385682
0.0037	0.24	0.313901
0.0037	0.25	0.250398
0.0037	0.26	0.195769
0.0037	0.27	0.150015
0.0037	0.28	0.112668
0.0037	0.29	0.0829358
0.0037	0.3	0.0598358
0.0037	0.31	0.0423114
0.0037	0.32	0.0293245
0.0037	0.33	0.0199196
0.0037	0.34	0.013262
0.0037	0.35	0.00865399
0.0037	0.36	0.00553479
0.0037	0.37	0.00346948
0.0037	0.38	0.00213161
0.0037	0.39	0.0012836
0.0037	0.4	0.000757583
0.0037	0.41	0.00043824
0.0037	0.42	0.00024847
0.0037	0.43	0.000138076
0.0037	0.44	7.52058e-05
0.0037	0.45	4.01514e-05
0.0037	0.46	2.10175e-05
0.0037	0.47	1.07989e-05
0.0037	0.48	5.47204e-06
0.0037	0.49	2.78843e-06
0.0037	0.5	1.53683e-06
0.0037	0.51	1.11052e-06
0.0037	0.52	1.27032e-06
0.0037	0.53	2.035e-06
0.0037	0.54	3.66113e-06
0.0037	0.55	6.69571e-06
0.0037	0.56	1.21003e-05
0.0037	0.57	2.14562e-05
0.0037	0.58	3.72656e-05
0.0037	0.59	6.33663e-05
0.0037	0.6	0.000105468
0.0037	0.61	0.00017181
0.0037	0.62	0.000273894
0.0037	0.63	0.00042724
0.0037	0.64	0.000652009
0.0037	0.65	0.000973324
0.0037	0.66	0.00142103
0.0037	0.67	0.00202861
0.0037	0.68	0.00283098
0.0037	0.69	0.00386096
0.0037	0.7	0.0051443
0.0037	0.71	0.00669357
0.0037	0.72	0.00850127
0.0037	0.73	0.010533
0.0037	0.74	0.012722
0.0037	0.75	0.0149662
0.0037	0.76	0.017129
0.0037	0.77	0.0190452
0.0037	0.78	0.0205322
0.0037	0.79	0.0214061
0.0037	0.8	0.0215011
0.0037	0.81	0.0206915
0.0037	0.82	0.0189102
0.0037	0.83	0.0161647
0.0037	0.84	0.0125438
0.0037	0.85	0.00821694
0.0037	0.86	0.00342205
0.0037	0.87	-0.00155409
0.0037	0.88	-0.00640222
0.0037	0.89	-0.0108195
0.0037	0.9	-0.014537
0.0037	0.91	-0.0173424
0.0037	0.92	-0.0190947
0.0037	0.93	-0.0197298
0.0037	0.94	-0.0192577
0.0037	0.95	-0.0177526
0.0037	0.96	-0.0153383
0.0037	0.97	-0.0121731
0.0037	0.98	-0.00843559
0.0037	0.99	-0.00431397
0.0037	1	0


0.0042	0	0
0.0042	0.01	0.166801
0.0042	0.02	0.328155
0.0042	0.03	0.47883
0.0042	0.04	0.614032
0.0042	0.05	0.729616
0.0042	0.06	0.822292
0.0042	0.07	0.889805
0.0042	0.08	0.931067
0.0042	0.09	0.946221
0.0042	0.1	0.936624
0.0042	0.11	0.90474
0.0042	0.12	0.853946
0.0042	0.13	0.788268
0.0042	0.14	0.712076
0.0042	0.15	0.629767
0.0042	0.16	0.545469
0.0042	0.17	0.462799
0.0042	0.18	0.384696
0.0042	0.19	0.313325
0.0042	0.2	0.250068
0.0042	0.21	0.195584
0.0042	0.22	0.149913
0.0042	0.23	0.112613
0.0042	0.24	0.0829068
0.0042	0.25	0.0598208
0.0042	0.26	0.0423037
0.0042	0.27	0.0293207
0.0042	0.28	0.0199178
0.0042	0.29	0.0132611
0.0042	0.3	0.00865357
0.0042	0.31	0.0055346
0.0042	0.32	0.0034694
0.0042	0.33	0.00213157
0.0042	0.34	0.00128358
0.0042	0.35	0.000757576
0.0042	0.36	0.000438237
0.0042	0.37	0.000248468
0.0042	0.38	0.000138074
0.0042	0.39	7.52032e-05
0.0042	0.4	4.01459e-05
0.0042	0.41	2.10052e-05
0.0042	0.42	1.0772e-05
0.0042	0.43	5.41434e-06
0.0042	0.44	2.66736e-06
0.0042	0.45	1.288e-06
0.0042	0.46	6.09705e-07
0.0042	0.47	2.83169e-07
0.0042	0.48	1.2958e-07
0.0042	0.49	5.96974e-08
0.0042	0.5	3.05312e-08
0.0042	0.51	2.30237e-08
0.0042	0.52	3.14298e-08
0.0042	0.53	5.95588e-08
0.0042	0.54	1.21848e-07
0.0042	0.55	2.49191e-07
0.0042	0.56	5.01107e-07
0.0042	0.57	9.87628e-07
0.0042	0.58	1.90647e-06
0.0042	0.59	3.60386e-06
0.0042	0.6	6.67071e-06
0.0042	0.61	1.20896e-05
0.0042	0.62	2.14518e-05
0.0042	0.63	3.7264e-05
0.0042	0.64	6.33661e-05
0.0042	0.65	0.00010547
0.0042	0.66	0.000171813
0.0042	0.67	0.000273901
0.0042	0.68	0.000427256
0.0042	0.69	0.000652044
0.0042	0.7	0.000973398
0.0042	0.71	0.00142118
0.0042	0.72	0.00202892
0.0042	0.73	0.00283161
0.0042	0.74	0.00386219
0.0042	0.75	0.00514666
0.0042	0.76	0.006698
0.0042	0.77	0.00850941
0.0042	0.78	0.0105477
0.0042	0.79	0.0127478
0.0042	0.8	0.0150107
0.0042	0.81	0.0172041
0.0042	0.82	0.0191693
0.0042	0.83	0.0207328
0.0042	0.84	0.0217232
0.0042	0.85	0.0219918
0.0042	0.86	0.021434
0.0042	0.87	0.0200089
0.0042	0.88	0.017754
0.0042	0.89	0.0147906
0.0042	0.9	0.0113198
0.0042	0.91	0.00760638
0.0042	0.92	0.00395261
0.0042	0.93	0.000665206
0.0042	0.94	-0.0019815
0.0042	0.95	-0.00378031
0.0042	0.96	-0.00461905
0.0042	0.97	-0.00449738
0.0042	0.98	-0.00352955
0.0042	0.99	-0.00193243
0.0042	1	0


0.0047	0	0
0.0047	0.01	0.116623
0.0047	0.02	0.226804
0.0047	0.03	0.324689
0.0047	0.04	0.405526
0.0047	0.05	0.46604
0.0047	0.06	0.504635
0.0047	0.07	0.521399
0.0047	0.08	0.517934
0.0047	0.09	0.497048
0.0047	0.1	0.462359
0.0047	0.11	0.417867
0.0047	0.12	0.367558
0.0047	0.13	0.315072
0.0047	0.14	0.26347
0.0047	0.15	0.215095
0.0047	0.16	0.171548
0.0047	0.17	0.133728
0.0047	0.18	0.101934
0.0047	0.19	0.0760021
0.0047	0.2	0.055446
0.0047	0.21	0.0395875
0.0047	0.22	0.0276679
0.0047	0.23	0.0189322
0.0047	0.24	0.0126852
0.0047	0.25	0.00832368
0.0047	0.26	0.00534942
0.0047	0.27	0.00336752
0.0047	0.28	0.00207664
0.0047	0.29	0.00125456
0.0047	0.3	0.000742543
0.0047	0.31	0.000430606
0.0047	0.32	0.000244672
0.0047	0.33	0.000136223
0.0047	0.34	7.43186e-05
0.0047	0.35	3.97315e-05
0.0047	0.36	2.0815e-05
0.0047	0.37	1.06864e-05
0.0047	0.38	5.37658e-06
0.0047	0.39	2.65102e-06
0.0047	0.4	1.28102e-06
0.0047	0.41	6.06655e-07
0.0047	0.42	2.81563e-07
0.0047	0.43	1.28075e-07
0.0047	0.44	5.70964e-08
0.0047	0.45	2.49468e-08
0.0047	0.46	1.07106e-08
0.0047	0.47	4.49744e-09
0.0047	0.48	1.85895e-09
0.0047	0.49	7.73616e-10
0.0047	0.5	3.67107e-10
0.0047	0.51	2.94332e-10
0.0047	0.52	4.80745e-10
0.0047	0.53	1.05549e-09
0.0047	0.54	2.42485e-09
0.0047	0.55	5.52999e-09
0.0047	0.56	1.2354e-08
0.0047	0.57	2.70353e-08
0.0047	0.58	5.79536e-08
0.0047	0.59	1.21688e-07
0.0047	0.6	2.50276e-07
0.0047	0.61	5.0418e-07
0.0047	0.62	9.94801e-07
0.0047	0.63	1.92246e-06
0.0047	0.64	3.63863e-06
0.0047	0.65	6.74468e-06
0.0047	0.66	1.22438e-05
0.0047	0.67	2.17664e-05
0.0047	0.68	3.7893e-05
0.0047	0.69	6.45973e-05
0.0047	0.7	0.00010783
0.0047	0.71	0.000176243
0.0047	0.72	0.000282043
0.0047	0.73	0.000441905
0.0047	0.74	0.000677849
0.0047	0.75	0.00101789
0.0047	0.76	0.00149628
0.0047	0.77	0.00215298
0.0047	0.78	0.00303213
0.0047	0.79	0.00417933
0.0047	0.8	0.00563733
0.0047	0.81	0.0074405
0.0047	0.82	0.0096081
0.0047	0.83	0.012137
0.0047	0.84	0.0149946
0.0047	0.85	0.0181136
0.0047	0.86	0.0213885
0.0047	0.87	0.024676
0.0047	0.88	0.0278002
0.0047	0.89	0.0305612
0.0047	0.9	0.0327485
0.0047	0.91	0.0341574
0.0047	0.92	0.0346063
0.0047	0.93	0.0339542
0.0047	0.94	0.0321159
0.0047	0.95	0.0290724
0.0047	0.96	0.0248771
0.0047	0.97	0.0196553
0.0047	0.98	0.0135982
0.0047	0.99	0.00695153
0.0047	1	0


0.0052	0	0
0.0052	0.01	-0.067692
0.0052	0.02	-0.131445
0.0052	0.03	-0.187701
0.0052	0.04	-0.233607
0.0052	0.05	-0.267256
0.0052	0.06	-0.287801
0.0052	0.07	-0.295443
0.0052	0.08	-0.291306
0.0052	0.09	-0.277226
0.0052	0.1	-0.25549
0.0052	0.11	-0.228557
0.0052	0.12	-0.19882
0.0052	0.13	-0.168401
0.0052	0.14	-0.139026
0.0052	0.15	-0.111962
0.0052	0.16	-0.088014
0.0052	0.17	-0.0675735
0.0052	0.18	-0.0506915
0.0052	0.19	-0.0371699
0.0052	0.2	-0.026649
0.0052	0.21	-0.0186861
0.0052	0.22	-0.0128175
0.0052	0.23	-0.00860254
0.0052	0.24	-0.00565013
0.0052	0.25	-0.00363217
0.0052	0.26	-0.00228563
0.0052	0.27	-0.00140809
0.0052	0.28	-0.000849345
0.0052	0.29	-0.000501657
0.0052	0.3	-0.000290158
0.0052	0.31	-0.000164361
0.0052	0.32	-9.11862e-05
0.0052	0.33	-4.95509e-05
0.0052	0.34	-2.63748e-05
0.0052	0.35	-1.3752e-05
0.0052	0.36	-7.02418e-06
0.0052	0.37	-3.5148e-06
0.0052	0.38	-1.72304e-06
0.0052	0.39	-8.27552e-07
0.0052	0.4	-3.89415e-07
0.0052	0.41	-1.7954e-07
0.0052	0.42	-8.11053e-08
0.0052	0.43	-3.58997e-08
0.0052	0.44	-1.55702e-08
0.0052	0.45	-6.61706e-09
0.0052	0.46	-2.7556e-09
0.0052	0.47	-1.12448e-09
0.0052	0.48	-4.49658e-10
0.0052	0.49	-1.76202e-10
0.0052	0.5	-5.44208e-11
0.0052	0.51	4.08766e-11
0.0052	0.52	1.02882e-10
0.0052	0.53	2.53723e-10
0.0052	0.54	6.13093e-10
0.0052	0.55	1.45157e-09
0.0052	0.56	3.36735e-09
0.0052	0.57	7.65376e-09
0.0052	0.58	1.70447e-08
0.0052	0.59	3.71904e-08
0.0052	0.6	7.95041e-08
0.0052	0.61	1.66517e-07
0.0052	0.62	3.41692e-07
0.0052	0.63	6.8692e-07
0.0052	0.64	1.3529e-06
0.0052	0.65	2.61037e-06
0.0052	0.66	4.93408e-06
0.0052	0.67	9.13618e-06
0.0052	0.68	1.65716e-05
0.0052	0.69	2.94433e-05
0.0052	0.7	5.12411e-05
0.0052	0.71	8.73446e-05
0.0052	0.72	0.00014582
0.0052	0.73	0.000238417
0.0052	0.74	0.000381736
0.0052	0.75	0.000598497
0.0052	0.76	0.000918741
0.0052	0.77	0.00138073
0.0052	0.78	0.00203122
0.0052	0.79	0.00292464
0.0052	0.8	0.0041208
0.0052	0.81	0.00568062
0.0052	0.82	0.00765968
0.0052	0.83	0.0100996
0.0052	0.84	0.0130173
0.0052	0.85	0.016394
0.0052	0.86	0.0201639
0.0052	0.87	0.0242054
0.0052	0.88	0.0283372
0.0052	0.89	0.0323199
0.0052	0.9	0.0358662
0.0052	0.91	0.0386592
0.0052	0.92	0.0403787
0.0052	0.93	0.0407332
0.0052	0.94	0.0394942
0.0052	0.95	0.0365288
0.0052	0.96	0.0318249
0.0052	0.97	0.0255055
0.0052	0.98	0.0178284
0.0052	0.99	0.00917118
0.0052	1	0


0.0057	0	0
0.0057	0.01	-0.170818
0.0057	0.02	-0.334546
0.0057	0.03	-0.48455
0.0057	0.04	-0.61506
0.0057	0.05	-0.721529
0.0057	0.06	-0.800884
0.0057	0.07	-0.851664
0.0057	0.08	-0.874035
0.0057	0.09	-0.869681
0.0057	0.1	-0.841577
0.0057	0.11	-0.793682
0.0057	0.12	-0.730574
0.0057	0.13	-0.65707
0.0057	0.14	-0.577866
0.0057	0.15	-0.497234
0.0057	0.16	-0.418792
0.0057	0.17	-0.345365
0.0057	0.18	-0.278937
0.0057	0.19	-0.220678
0.0057	0.2	-0.17104
0.0057	0.21	-0.129887
0.0057	0.22	-0.0966495
0.0057	0.23	-0.0704731
0.0057	0.24	-0.0503567
0.0057	0.25	-0.0352628
0.0057	0.26	-0.0241999
0.0057	0.27	-0.0162763
0.0057	0.28	-0.0107287
0.0057	0.29	-0.00693106
0.0057	0.3	-0.00438846
0.0057	0.31	-0.00272326
0.0057	0.32	-0.00165628
0.0057	0.33	-0.000987291
0.0057	0.34	-0.000576803
0.0057	0.35	-0.000330278
0.0057	0.36	-0.000185355
0.0057	0.37	-0.000101954
0.0057	0.38	-5.49634e-05
0.0057	0.39	-2.90414e-05
0.0057	0.4	-1.50396e-05
0.0057	0.41	-7.63359e-06
0.0057	0.42	-3.79749e-06
0.0057	0.43	-1.85157e-06
0.0057	0.44	-8.84824e-07
0.0057	0.45	-4.14416e-07
0.0057	0.46	-1.90209e-07
0.0057	0.47	-8.54999e-08
0.0057	0.48	-3.75049e-08
0.0057	0.49	-1.57307e-08
0.0057	0.5	-5.5326e-09
0.0057	0.51	3.17421e-10
0.0057	0.52	6.04853e-09
0.0057	0.53	1.55396e-08
0.0057	0.54	3.45893e-08
0.0057	0.55	7.39196e-08
0.0057	0.56	1.54204e-07
0.0057	0.57	3.14759e-07
0.0057	0.58	6.2922e-07
0.0057	0.59	1.23182e-06
0.0057	0.6	2.36155e-06
0.0057	0.61	4.43327e-06
0.0057	0.62	8.14903e-06
0.0057	0.63	1.46661e-05
0.0057	0.64	2.58419e-05
0.0057	0.65	4.45759e-05
0.0057	0.66	7.52673e-05
0.0057	0.67	0.000124395
0.0057	0.68	0.000201211
0.0057	0.69	0.000318492
0.0057	0.7	0.000493278
0.0057	0.71	0.000747433
0.0057	0.72	0.00110783
0.0057	0.73	0.00160589
0.0057	0.74	0.00227624
0.0057	0.75	0.00315415
0.0057	0.76	0.00427168
0.0057	0.77	0.00565252
0.0057	0.78	0.00730584
0.0057	0.79	0.00921972
0.0057	0.8	0.0113552
0.0057	0.81	0.0136421
0.0057	0.82	0.0159781
0.0057	0.83	0.0182314
0.0057	0.84	0.0202499
0.0057	0.85	0.0218734
0.0057	0.86	0.0229514
0.0057	0.87	0.0233624
0.0057	0.88	0.0230325
0.0057	0.89	0.0219503
0.0057	0.9	0.0201743
0.0057	0.91	0.0178314
0.0057	0.92	0.0151046
0.0057	0.93	0.0122115
0.0057	0.94	0.00937521
0.0057	0.95	0.00679379
0.0057	0.96	0.00461089
0.0057	0.97	0.00289493
0.0057	0.98	0.00162952
0.0057	0.99	0.000717763
0.0057	1	0


0.0062	0	0
0.0062	0.01	-0.118132
0.0062	0.02	-0.235669
0.0062	0.03	-0.351788
0.0062	0.04	-0.465257
0.0062	0.05	-0.574321
0.0062	0.06	-0.676699
0.0062	0.07	-0.769678
0.0062	0.08	-0.850314
0.0062	0.09	-0.915699
0.0062	0.1	-0.963273
0.0062	0.11	-0.991118
0.0062	0.12	-0.998209
0.0062	0.13	-0.984571
0.0062	0.14	-0.951333
0.0062	0.15	-0.900656
0.0062	0.16	-0.835556
0.0062	0.17	-0.75965
0.0062	0.18	-0.676851
0.0062	0.19	-0.591052
0.0062	0.2	-0.505847
0.0062	0.21	-0.424305
0.0062	0.22	-0.348824
0.0062	0.23	-0.281063
0.0062	0.24	-0.221959
0.0062	0.25	-0.171796
0.0062	0.26	-0.130325
0.0062	0.27	-0.0968977
0.0062	0.28	-0.070611
0.0062	0.29	-0.0504319
0.0062	0.3	-0.0353029
0.0062	0.31	-0.0242209
0.0062	0.32	-0.016287
0.0062	0.33	-0.0107341
0.0062	0.34	-0.00693373
0.0062	0.35	-0.00438975
0.0062	0.36	-0.00272387
0.0062	0.37	-0.00165656
0.0062	0.38	-0.00098742
0.0062	0.39	-0.00057686
0.0062	0.4	-0.000330303
0.0062	0.41	-0.000185366
0.0062	0.42	-0.000101958
0.0062	0.43	-5.4965e-05
0.0062	0.44	-2.90416e-05
0.0062	0.45	-1.50385e-05
0.0062	0.46	-7.63052e-06
0.0062	0.47	-3.79032e-06
0.0062	0.48	-1.83558e-06
0.0062	0.49	-8.50059e-07
0.0062	0.5	-3.40442e-07
0.0062	0.51	-3.60459e-08
0.0062	0.52	2.29157e-07
0.0062	0.53	5.91461e-07
0.0062	0.54	1.21548e-06
0.0062	0.55	2.35456e-06
0.0062	0.56	4.43022e-06
0.0062	0.57	8.14742e-06
0.0062	0.58	1.46646e-05
0.0062	0.59	2.58393e-05
0.0062	0.6	4.45703e-05
0.0062	0.61	7.5255e-05
0.0062	0.62	0.000124369
0.0062	0.63	0.000201153
0.0062	0.64	0.000318371
0.0062	0.65	0.000493029
0.0062	0.66	0.000746932
0.0062	0.67	0.00110684
0.0062	0.68	0.00160398
0.0062	0.69	0.00227264
0.0062	0.7	0.00314748
0.0062	0.71	0.0042596
0.0062	0.72	0.0056311
0.0062	0.73	0.00726863
0.0062	0.74	0.00915648
0.0062	0.75	0.01125
0.0062	0.76	0.0134708
0.0062	0.77	0.0157052
0.0062	0.78	0.0178061
0.0062	0.79	0.0196015
0.0062	0.8	0.0209067
0.0062	0.81	0.0215424
0.0062	0.82	0.0213552
0.0062	0.83	0.0202388
0.0062	0.84	0.0181527
0.0062	0.85	0.0151355
0.0062	0.86	0.0113097
0.0062	0.87	0.00687726
0.0062	0.88	0.0021057
0.0062	0.89	-0.00269479
0.0062	0.9	-0.00719905
0.0062	0.91	-0.0110969
0.0062	0.92	-0.0141214
0.0062	0.93	-0.0160711
0.0062	0.94	-0.0168261
0.0062	0.95	-0.0163545
0.0062	0.96	-0.0147113
0.0062	0.97	-0.0120303
0.0062	0.98	-0.00851192
0.0062	0.99	-0.00440686
0.0062	1	0


0.0067	0	0
0.0067	0.01	-0.0406244
0.0067	0.02	-0.0833433
0.0067	0.03	-0.130095
0.0067	0.04	-0.182507
0.0067	0.05	-0.241744
0.0067	0.06	-0.308367
0.0067	0.07	-0.382214
0.0067	0.08	-0.462324
0.0067	0.09	-0.546909
0.0067	0.1	-0.633399
0.0067	0.11	-0.718572
0.0067	0.12	-0.798754
0.0067	0.13	-0.870095
0.0067	0.14	-0.928886
0.0067	0.15	-0.971887
0.0067	0.16	-0.996632
0.0067	0.17	-1.00167
0.0067	0.18	-0.986698
0.0067	0.19	-0.952614
0.0067	0.2	-0.901412
0.0067	0.21	-0.835993
0.0067	0.22	-0.759898
0.0067	0.23	-0.676989
0.0067	0.24	-0.591128
0.0067	0.25	-0.505888
0.0067	0.26	-0.424326
0.0067	0.27	-0.348835
0.0067	0.28	-0.281068
0.0067	0.29	-0.221962
0.0067	0.3	-0.171798
0.0067	0.31	-0.130325
0.0067	0.32	-0.096898
0.0067	0.33	-0.0706112
0.0067	0.34	-0.0504319
0.0067	0.35	-0.0353029
0.0067	0.36	-0.0242209
0.0067	0.37	-0.016287
0.0067	0.38	-0.0107341
0.0067	0.39	-0.00693373
0.0067	0.4	-0.00438975
0.0067	0.41	-0.00272387
0.0067	0.42	-0.00165655
0.0067	0.43	-0.000987404
0.0067	0.44	-0.000576825
0.0067	0.45	-0.00033023
0.0067	0.46	-0.000185212
0.0067	0.47	-0.000101643
0.0067	0.48	-5.4336e-05
0.0067	0.49	-2.78104e-05
0.0067	0.5	-1.26784e-05
0.0067	0.51	-3.20062e-06
0.0067	0.52	4.35106e-06
0.0067	0.53	1.28135e-05
0.0067	0.54	2.49547e-05
0.0067	0.55	4.41559e-05
0.0067	0.56	7.50647e-05
0.0067	0.57	0.000124283
0.0067	0.58	0.000201115
0.0067	0.59	0.000318354
0.0067	0.6	0.000493022
0.0067	0.61	0.000746929
0.0067	0.62	0.00110684
0.0067	0.63	0.00160398
0.0067	0.64	0.00227263
0.0067	0.65	0.00314748
0.0067	0.66	0.00425959
0.0067	0.67	0.00563107
0.0067	0.68	0.00726858
0.0067	0.69	0.00915635
0.0067	0.7	0.0112497
0.0067	0.71	0.0134703
0.0067	0.72	0.0157042
0.0067	0.73	0.0178042
0.0067	0.74	0.0195979
0.0067	0.75	0.0209
0.0067	0.76	0.0215303
0.0067	0.77	0.0213338
0.0067	0.78	0.0202016
0.0067	0.79	0.0180895
0.0067	0.8	0.0150303
0.0067	0.81	0.0111384
0.0067	0.82	0.00660436
0.0067	0.83	0.00168036
0.0067	0.84	-0.00334319
0.0067	0.85	-0.0081657
0.0067	0.86	-0.0125059
0.0067	0.87	-0.0161285
0.0067	0.88	-0.0188648
0.0067	0.89	-0.0206237
0.0067	0.9	-0.0213933
0.0067	0.91	-0.021233
0.0067	0.92	-0.0202577
0.0067	0.93	-0.0186177
0.0067	0.94	-0.0164769
0.0067	0.95	-0.0139928
0.0067	0.96	-0.011301
0.0067	0.97	-0.00850439
0.0067	0.98	-0.00567028
0.0067	0.99	-0.00283262
0.0067	1	0


0.0072	0	0
0.0072	0.01	-0.00772723
0.0072	0.02	-0.0164501
0.0072	0.03	-0.0271929
0.0072	0.04	-0.0410278
0.0072	0.05	-0.0590782
0.0072	0.06	-0.0824976
0.0072	0.07	-0.112419
0.0072	0.08	-0.149877
0.0072	0.09	-0.195694
0.0072	0.1	-0.250358
0.0072	0.11	-0.31388
0.0072	0.12	-0.385673
0.0072	0.13	-0.464451
0.0072	0.14	-0.54819
0.0072	0.15	-0.634155
0.0072	0.16	-0.719009
0.0072	0.17	-0.799002
0.0072	0.18	-0.870233
0.0072	0.19	-0.928961
0.0072	0.2	-0.971927
0.0072	0.21	-0.996653
0.0072	0.22	-1.00168
0.0072	0.23	-0.986703
0.0072	0.24	-0.952617
0.0072	0.25	-0.901413
0.0072	0.26	-0.835994
0.0072	0.27	-0.759899
0.0072	0.28	-0.676989
0.0072	0.29	-0.591128
0.0072	0.3	-0.505888
0.0072	0.31	-0.424326
0.0072	0.32	-0.348835
0.0072	0.33	-0.281068
0.0072	0.34	-0.221962
0.0072	0.35	-0.171798
0.0072	0.36	-0.130325
0.0072	0.37	-0.096898
0.0072	0.38	-0.0706112
0.0072	0.39	-0.0504319
0.0072	0.4	-0.0353029
0.0072	0.41	-0.0242207
0.0072	0.42	-0.0162867
0.0072	0.43	-0.0107335
0.0072	0.44	-0.0069325
0.0072	0.45	-0.00438739
0.0072	0.46	-0.00271944
0.0072	0.47	-0.00164841
0.0072	0.48	-0.000972755
0.0072	0.49	-0.00055102
0.0072	0.5	-0.000285733
0.0072	0.51	-0.000110111
0.0072	0.52	2.24104e-05
0.0072	0.53	0.000146188
0.0072	0.54	0.000289328
0.0072	0.55	0.000477989
0.0072	0.56	0.000739298
0.0072	0.57	0.00110304
0.0072	0.58	0.00160213
0.0072	0.59	0.00227175
0.0072	0.6	0.00314706
0.0072	0.61	0.0042594
0.0072	0.62	0.00563099
0.0072	0.63	0.00726854
0.0072	0.64	0.00915634
0.0072	0.65	0.0112497
0.0072	0.66	0.0134703
0.0072	0.67	0.0157042
0.0072	0.68	0.0178042
0.0072	0.69	0.0195979
0.0072	0.7	0.0209
0.0072	0.71	0.0215303
0.0072	0.72	0.0213338
0.0072	0.73	0.0202015
0.0072	0.74	0.0180894
0.0072	0.75	0.01503
0.0072	0.76	0.0111379
0.0072	0.77	0.00660337
0.0072	0.78	0.00167846
0.0072	0.79	-0.00334679
0.0072	0.8	-0.00817237
0.0072	0.81	-0.012518
0.0072	0.82	-0.01615
0.0072	0.83	-0.018902
0.0072	0.84	-0.0206869
0.0072	0.85	-0.0214985
0.0072	0.86	-0.0214043
0.0072	0.87	-0.0205306
0.0072	0.88	-0.019043
0.0072	0.89	-0.0171253
0.0072	0.9	-0.0149595
0.0072	0.91	-0.0127099
0.0072	0.92	-0.0105115
0.0072	0.93	-0.008464
0.0072	0.94	-0.00663021
0.0072	0.95	-0.00503883
0.0072	0.96	-0.00368915
0.0072	0.97	-0.00255709
0.0072	0.98	-0.00160137
0.0072	0.99	-0.00076902
0.0072	1	0


0.0077	0	0
0.0077	0.01	-0.000845358
0.0077	0.02	-0.00188314
0.0077	0.03	-0.00333141
0.0077	0.04	-0.00545959
0.0077	0.05	-0.00861384
0.0077	0.06	-0.013241
0.0077	0.07	-0.0199088
0.0077	0.08	-0.0293191
0.0077	0.09	-0.0423087
0.0077	0.1	-0.0598345
0.0077	0.11	-0.0829352
0.0077	0.12	-0.112668
0.0077	0.13	-0.150015
0.0077	0.14	-0.195769
0.0077	0.15	-0.250398
0.0077	0.16	-0.313901
0.0077	0.17	-0.385684
0.0077	0.18	-0.464456
0.0077	0.19	-0.548192
0.0077	0.2	-0.634157
0.0077	0.21	-0.71901
0.0077	0.22	-0.799002
0.0077	0.23	-0.870233
0.0077	0.24	-0.928961
0.0077	0.25	-0.971927
0.0077	0.26	-0.996653
0.0077	0.27	-1.00168
0.0077	0.28	-0.986703
0.0077	0.29	-0.952617
0.0077	0.3	-0.901413
0.0077	0.31	-0.835994
0.0077	0.32	-0.759899
0.0077	0.33	-0.676989
0.0077	0.34	-0.591128
0.0077	0.35	-0.505888
0.0077	0.36	-0.424326
0.0077	0.37	-0.348834
0.0077	0.38	-0.281068
0.0077	0.39	-0.22196
0.0077	0.4	-0.171795
0.0077	0.41	-0.130321
0.0077	0.42	-0.0968898
0.0077	0.43	-0.0705965
0.0077	0.44	-0.0504061
0.0077	0.45	-0.0352584
0.0077	0.46	-0.0241456
0.0077	0.47	-0.0161627
0.0077	0.48	-0.010533
0.0077	0.49	-0.00661536
0.0077	0.5	-0.00389672
0.0077	0.51	-0.00197694
0.0077	0.52	-0.000549721
0.0077	0.53	0.000616563
0.0077	0.54	0.00169577
0.0077	0.55	0.00281717
0.0077	0.56	0.00407422
0.0077	0.57	0.00552911
0.0077	0.58	0.00721361
0.0077	0.59	0.00912731
0.0077	0.6	0.0112347
0.0077	0.61	0.0134627
0.0077	0.62	0.0157004
0.0077	0.63	0.0178024
0.0077	0.64	0.019597
0.0077	0.65	0.0208996
0.0077	0.66	0.0215301
0.0077	0.67	0.0213337
0.0077	0.68	0.0202015
0.0077	0.69	0.0180894
0.0077	0.7	0.01503
0.0077	0.71	0.0111379
0.0077	0.72	0.00660337
0.0077	0.73	0.00167846
0.0077	0.74	-0.0033468
0.0077	0.75	-0.00817237
0.0077	0.76	-0.012518
0.0077	0.77	-0.01615
0.0077	0.78	-0.0189021
0.0077	0.79	-0.0206871
0.0077	0.8	-0.0214988
0.0077	0.81	-0.0214048
0.0077	0.82	-0.0205316
0.0077	0.83	-0.0190449
0.0077	0.84	-0.0171289
0.0077	0.85	-0.0149662
0.0077	0.86	-0.012722
0.0077	0.87	-0.010533
0.0077	0.88	-0.00850121
0.0077	0.89	-0.00669345
0.0077	0.9	-0.00514405
0.0077	0.91	-0.00386046
0.0077	0.92	-0.00282999
0.0077	0.93	-0.0020267
0.0077	0.94	-0.00141743
0.0077	0.95	-0.000966653
0.0077	0.96	-0.000639919
0.0077	0.97	-0.000405788
0.0077	0.98	-0.00023663
0.0077	0.99	-0.000108444
0.0077	1	0


0.0082	0	0
0.0082	0.01	-5.41982e-05
0.0082	0.02	-0.000127303
0.0082	0.03	-0.000243055
0.0082	0.04	-0.000435572
0.0082	0.05	-0.000756295
0.0082	0.06	-0.00128299
0.0082	0.07	-0.00213132
0.0082	0.08	-0.00346935
0.0082	0.09	-0.00553473
0.0082	0.1	-0.00865396
0.0082	0.11	-0.013262
0.0082	0.12	-0.0199196
0.0082	0.13	-0.0293245
0.0082	0.14	-0.0423114
0.0082	0.15	-0.0598358
0.0082	0.16	-0.0829358
0.0082	0.17	-0.112668
0.0082	0.18	-0.150015
0.0082	0.19	-0.195769
0.0082	0.2	-0.250398
0.0082	0.21	-0.313901
0.0082	0.22	-0.385684
0.0082	0.23	-0.464456
0.0082	0.24	-0.548192
0.0082	0.25	-0.634157
0.0082	0.26	-0.71901
0.0082	0.27	-0.799002
0.0082	0.28	-0.870233
0.0082	0.29	-0.928961
0.0082	0.3	-0.971927
0.0082	0.31	-0.996653
0.0082	0.32	-1.00168
0.0082	0.33	-0.986702
0.0082	0.34	-0.952616
0.0082	0.35	-0.901411
0.0082	0.36	-0.835989
0.0082	0.37	-0.759891
0.0082	0.38	-0.676975
0.0082	0.39	-0.591102
0.0082	0.4	-0.505843
0.0082	0.41	-0.424251
0.0082	0.42	-0.34871
0.0082	0.43	-0.280867
0.0082	0.44	-0.221643
0.0082	0.45	-0.171304
0.0082	0.46	-0.129578
0.0082	0.47	-0.0957911
0.0082	0.48	-0.0690072
0.0082	0.49	-0.0481593
0.0082	0.5	-0.0321555
0.0082	0.51	-0.0199613
0.0082	0.52	-0.010656
0.0082	0.53	-0.00346557
0.0082	0.54	0.00222262
0.0082	0.55	0.00685999
0.0082	0.56	0.0107465
0.0082	0.57	0.0140476
0.0082	0.58	0.0168168
0.0082	0.59	0.019021
0.0082	0.6	0.0205697
0.0082	0.61	0.021345
0.0082	0.62	0.0212318
0.0082	0.63	0.0201466
0.0082	0.64	0.0180603
0.0082	0.65	0.015015
0.0082	0.66	0.0111302
0.0082	0.67	0.00659957
0.0082	0.68	0.00167661
0.0082	0.69	-0.00334768
0.0082	0.7	-0.00817279
0.0082	0.71	-0.0125182
0.0082	0.72	-0.0161501
0.0082	0.73	-0.0189021
0.0082	0.74	-0.0206871
0.0082	0.75	-0.0214988
0.0082	0.76	-0.0214048
0.0082	0.77	-0.0205316
0.0082	0.78	-0.0190449
0.0082	0.79	-0.0171289
0.0082	0.8	-0.0149662
0.0082	0.81	-0.012722
0.0082	0.82	-0.010533
0.0082	0.83	-0.00850126
0.0082	0.84	-0.00669357
0.0082	0.85	-0.0051443
0.0082	0.86	-0.00386096
0.0082	0.87	-0.00283098
0.0082	0.88	-0.00202861
0.0082	0.89	-0.00142103
0.0082	0.9	-0.000973318
0.0082	0.91	-0.000651997
0.0082	0.92	-0.000427213
0.0082	0.93	-0.000273836
0.0082	0.94	-0.000171688
0.0082	0.95	-0.000105219
0.0082	0.96	-6.28646e-05
0.0082	0.97	-3.62762e-05
0.0082	0.98	-1.95452e-05
0.0082	0.99	-8.48575e-06
0.0082	1	0


0.0087	0	0
0.0087	0.01	-2.05781e-06
0.0087	0.02	-5.1316e-06
0.0087	0.03	-1.06434e-05
0.0087	0.04	-2.09479e-05
0.0087	0.05	-4.01209e-05
0.0087	0.06	-7.51927e-05
0.0087	0.07	-0.00013807
0.0087	0.08	-0.000248468
0.0087	0.09	-0.000438239
0.0087	0.1	-0.000757583
0.0087	0.11	-0.0012836
0.0087	0.12	-0.00213161
0.0087	0.13	-0.00346948
0.0087	0.14	-0.00553479
0.0087	0.15	-0.00865399
0.0087	0.16	-0.013262
0.0087	0.17	-0.0199196
0.0087	0.18	-0.0293245
0.0087	0.19	-0.0423114
0.0087	0.2	-0.0598358
0.0087	0.21	-0.0829358
0.0087	0.22	-0.112668
0.0087	0.23	-0.150015
0.0087	0.24	-0.195769
0.0087	0.25	-0.250398
0.0087	0.26	-0.313901
0.0087	0.27	-0.385683
0.0087	0.28	-0.464455
0.0087	0.29	-0.548191
0.0087	0.3	-0.634154
0.0087	0.31	-0.719006
0.0087	0.32	-0.798994
0.0087	0.33	-0.870219
0.0087	0.34	-0.928935
0.0087	0.35	-0.971883
0.0087	0.36	-0.996578
0.0087	0.37	-1.00155
0.0087	0.38	-0.986502
0.0087	0.39	-0.952299
0.0087	0.4	-0.90092
0.0087	0.41	-0.835247
0.0087	0.42	-0.758792
0.0087	0.43	-0.675385
0.0087	0.44	-0.588855
0.0087	0.45	-0.50274
0.0087	0.46	-0.420067
0.0087	0.47	-0.343203
0.0087	0.48	-0.2738
0.0087	0.49	-0.212805
0.0087	0.5	-0.160548
0.0087	0.51	-0.116855
0.0087	0.52	-0.0811938
0.0087	0.53	-0.052807
0.0087	0.54	-0.030834
0.0087	0.55	-0.0144029
0.0087	0.56	-0.00269054
0.0087	0.57	0.00504673
0.0087	0.58	0.0094674
0.0087	0.59	0.0111557
0.0087	0.6	0.0106403
0.0087	0.61	0.00841398
0.0087	0.62	0.00494681
0.0087	0.63	0.000691038
0.0087	0.64	-0.00392366
0.0087	0.65	-0.00850268
0.0087	0.66	-0.0127033
0.0087	0.67	-0.0162519
0.0087	0.68	-0.0189571
0.0087	0.69	-0.0207161
0.0087	0.7	-0.0215138
0.0087	0.71	-0.0214125
0.0087	0.72	-0.0205354
0.0087	0.73	-0.0190468
0.0087	0.74	-0.0171298
0.0087	0.75	-0.0149666
0.0087	0.76	-0.0127222
0.0087	0.77	-0.0105331
0.0087	0.78	-0.0085013
0.0087	0.79	-0.00669359
0.0087	0.8	-0.0051443
0.0087	0.81	-0.00386096
0.0087	0.82	-0.00283098
0.0087	0.83	-0.00202861
0.0087	0.84	-0.00142103
0.0087	0.85	-0.000973324
0.0087	0.86	-0.000652009
0.0087	0.87	-0.00042724
0.0087	0.88	-0.000273894
0.0087	0.89	-0.000171809
0.0087	0.9	-0.000105468
0.0087	0.91	-6.33654e-05
0.0087	0.92	-3.72633e-05
0.0087	0.93	-2.14506e-05
0.0087	0.94	-1.20872e-05
0.0087	0.95	-6.66518e-06
0.0087	0.96	-3.59154e-06
0.0087	0.97	-1.87952e-06
0.0087	0.98	-9.29874e-07
0.0087	0.99	-3.7989e-07
0.0087	1	0


0.0092	0	0
0.0092	0.01	-4.65694e-08
0.0092	0.02	-1.24047e-07
0.0092	0.03	-2.80883e-07
0.0092	0.04	-6.08779e-07
0.0092	0.05	-1.28764e-06
0.0092	0.06	-2.66722e-06
0.0092	0.07	-5.41428e-06
0.0092	0.08	-1.07719e-05
0.0092	0.09	-2.10052e-05
0.0092	0.1	-4.01459e-05
0.0092	0.11	-7.52034e-05
0.0092	0.12	-0.000138075
0.0092	0.13	-0.000248469
0.0092	0.14	-0.000438239
0.0092	0.15	-0.000757582
0.0092	0.16	-0.00128359
0.0092	0.17	-0.0021316
0.0092	0.18	-0.00346947
0.0092	0.19	-0.00553475
0.0092	0.2	-0.00865391
0.0092	0.21	-0.0132619
0.0092	0.22	-0.0199193
0.0092	0.23	-0.0293239
0.0092	0.24	-0.0423101
0.0092	0.25	-0.0598334
0.0092	0.26	-0.0829314
0.0092	0.27	-0.11266
0.0092	0.28	-0.15
0.0092	0.29	-0.195743
0.0092	0.3	-0.250354
0.0092	0.31	-0.313826
0.0092	0.32	-0.385559
0.0092	0.33	-0.464255
0.0092	0.34	-0.547874
0.0092	0.35	-0.633664
0.0092	0.36	-0.718263
0.0092	0.37	-0.797895
0.0092	0.38	-0.868629
0.0092	0.39	-0.926689
0.0092	0.4	-0.96878
0.0092	0.41	-0.992394
0.0092	0.42	-0.996047
0.0092	0.43	-0.979434
0.0092	0.44	-0.943461
0.0092	0.45	-0.890163
0.0092	0.46	-0.822523
0.0092	0.47	-0.744195
0.0092	0.48	-0.659185
0.0092	0.49	-0.57153
0.0092	0.5	-0.484988
0.0092	0.51	-0.402796
0.0092	0.52	-0.327501
0.0092	0.53	-0.260867
0.0092	0.54	-0.203872
0.0092	0.55	-0.156767
0.0092	0.56	-0.119188
0.0092	0.57	-0.0902946
0.0092	0.58	-0.0689327
0.0092	0.59	-0.0537787
0.0092	0.6	-0.0434753
0.0092	0.61	-0.0367388
0.0092	0.62	-0.032437
0.0092	0.63	-0.0296362
0.0092	0.64	-0.0276208
0.0092	0.65	-0.0258885
0.0092	0.66	-0.0241287
0.0092	0.67	-0.0221882
0.0092	0.68	-0.0200323
0.0092	0.69	-0.0177057
0.0092	0.7	-0.0152965
0.0092	0.71	-0.0129074
0.0092	0.72	-0.010635
0.0092	0.73	-0.00855623
0.0092	0.74	-0.00672261
0.0092	0.75	-0.00515934
0.0092	0.76	-0.00386859
0.0092	0.77	-0.00283478
0.0092	0.78	-0.00203046
0.0092	0.79	-0.00142191
0.0092	0.8	-0.000973738
0.0092	0.81	-0.000652199
0.0092	0.82	-0.000427326
0.0092	0.83	-0.000273932
0.0092	0.84	-0.000171826
0.0092	0.85	-0.000105475
0.0092	0.86	-6.33684e-05
0.0092	0.87	-3.72649e-05
0.0092	0.88	-2.14521e-05
0.0092	0.89	-1.20898e-05
0.0092	0.9	-6.67076e-06
0.0092	0.91	-3.60385e-06
0.0092	0.92	-1.90645e-06
0.0092	0.93	-9.87574e-07
0.0092	0.94	-5.00964e-07
0.0092	0.95	-2.48824e-07
0.0092	0.96	-1.20923e-07
0.0092	0.97	-5.72735e-08
0.0092	0.98	-2.58972e-08
0.0092	0.99	-9.89576e-09
0.0092	1	0


0.0097	0	0
0.0097	0.01	-6.30847e-10
0.0097	0.02	-1.80453e-09
0.0097	0.03	-4.47711e-09
0.0097	0.04	-1.07031e-08
0.0097	0.05	-2.50012e-08
0.0097	0.06	-5.72391e-08
0.0097	0.07	-1.28442e-07
0.0097	0.08	-2.82488e-07
0.0097	0.09	-6.0894e-07
0.0097	0.1	-1.28655e-06
0.0097	0.11	-2.66414e-06
0.0097	0.12	-5.40711e-06
0.0097	0.13	-1.0756e-05
0.0097	0.14	-2.09704e-05
0.0097	0.15	-4.00719e-05
0.0097	0.16	-7.50492e-05
0.0097	0.17	-0.00013776
0.0097	0.18	-0.00024784
0.0097	0.19	-0.000437008
0.0097	0.2	-0.000755222
0.0097	0.21	-0.00127916
0.0097	0.22	-0.00212346
0.0097	0.23	-0.00345482
0.0097	0.24	-0.00550895
0.0097	0.25	-0.00860942
0.0097	0.26	-0.0131868
0.0097	0.27	-0.0197953
0.0097	0.28	-0.0291233
0.0097	0.29	-0.041993
0.0097	0.3	-0.0593428
0.0097	0.31	-0.0821889
0.0097	0.32	-0.111561
0.0097	0.33	-0.148411
0.0097	0.34	-0.193497
0.0097	0.35	-0.247251
0.0097	0.36	-0.309642
0.0097	0.37	-0.380053
0.0097	0.38	-0.457187
0.0097	0.39	-0.539036
0.0097	0.4	-0.622907
0.0097	0.41	-0.70554
0.0097	0.42	-0.783298
0.0097	0.43	-0.852429
0.0097	0.44	-0.909363
0.0097	0.45	-0.951027
0.0097	0.46	-0.975123
0.0097	0.47	-0.980345
0.0097	0.48	-0.966501
0.0097	0.49	-0.934528
0.0097	0.5	-0.886383
0.0097	0.51	-0.824856
0.0097	0.52	-0.753295
0.0097	0.53	-0.675311
0.0097	0.54	-0.594474
0.0097	0.55	-0.51406
0.0097	0.56	-0.436844
0.0097	0.57	-0.364985
0.0097	0.58	-0.29997
0.0097	0.59	-0.242649
0.0097	0.6	-0.193296
0.0097	0.61	-0.15173
0.0097	0.62	-0.11743
0.0097	0.63	-0.0896561
0.0097	0.64	-0.0675608
0.0097	0.65	-0.0502691
0.0097	0.66	-0.0369429
0.0097	0.67	-0.02682
0.0097	0.68	-0.0192354
0.0097	0.69	-0.0136273
0.0097	0.7	-0.00953405
0.0097	0.71	-0.00658483
0.0097	0.72	-0.00448754
0.0097	0.73	-0.00301603
0.0097	0.74	-0.00199789
0.0097	0.75	-0.00130363
0.0097	0.76	-0.000837375
0.0097	0.77	-0.000529198
0.0097	0.78	-0.000328859
0.0097	0.79	-0.000200852
0.0097	0.8	-0.000120508
0.0097	0.81	-7.09993e-05
0.0097	0.82	-4.10613e-05
0.0097	0.83	-2.33033e-05
0.0097	0.84	-1.29744e-05
0.0097	0.85	-7.08513e-06
0.0097	0.86	-3.7941e-06
0.0097	0.87	-1.99206e-06
0.0097	0.88	-1.02533e-06
0.0097	0.89	-5.17308e-07
0.0097	0.9	-2.55808e-07
0.0097	0.91	-1.23973e-07
0.0097	0.92	-5.88788e-08
0.0097	0.93	-2.74024e-08
0.0097	0.94	-1.24968e-08
0.0097	0.95	-5.58441e-09
0.0097	0.96	-2.41741e-09
0.0097	0.97	-1.03516e-09
0.0097	0.98	-4.26325e-10
0.0097	0.99	-1.51563e-10
0.0097	1	0


0.0102	0	0
0.0102	0.01	3.34315e-11
0.0102	0.02	8.25513e-11
0.0102	0.03	1.99303e-10
0.0102	0.04	4.70324e-10
0.0102	0.05	1.08446e-09
0.0102	0.06	2.44218e-09
0.0102	0.07	5.36848e-09
0.0102	0.08	1.15121e-08
0.0102	0.09	2.40624e-08
0.0102	0.1	4.89729e-08
0.0102	0.11	9.69242e-08
0.0102	0.12	1.86215e-07
0.0102	0.13	3.46478e-07
0.0102	0.14	6.22271e-07
0.0102	0.15	1.07354e-06
0.0102	0.16	1.76576e-06
0.0102	0.17	2.73426e-06
0.0102	0.18	3.89314e-06
0.0102	0.19	4.83428e-06
0.0102	0.2	4.42443e-06
0.0102	0.21	5.15574e-08
0.0102	0.22	-1.37064e-05
0.0102	0.23	-4.73163e-05
0.0102	0.24	-0.000119869
0.0102	0.25	-0.000264554
0.0102	0.26	-0.000536666
0.0102	0.27	-0.00102477
0.0102	0.28	-0.0018655
0.0102	0.29	-0.00326216
0.0102	0.3	-0.00550651
0.0102	0.31	-0.00900243
0.0102	0.32	-0.0142886
0.0102	0.33	-0.0220559
0.0102	0.34	-0.033155
0.0102	0.35	-0.0485861
0.0102	0.36	-0.0694655
0.0102	0.37	-0.0969636
0.0102	0.38	-0.132211
0.0102	0.39	-0.176171
0.0102	0.4	-0.229498
0.0102	0.41	-0.292371
0.0102	0.42	-0.36435
0.0102	0.43	-0.444254
0.0102	0.44	-0.530103
0.0102	0.45	-0.619127
0.0102	0.46	-0.707872
0.0102	0.47	-0.792399
0.0102	0.48	-0.868555
0.0102	0.49	-0.932308
0.0102	0.5	-0.9801
0.0102	0.51	-1.00917
0.0102	0.52	-1.01783
0.0102	0.53	-1.00561
0.0102	0.54	-0.973304
0.0102	0.55	-0.922912
0.0102	0.56	-0.857399
0.0102	0.57	-0.78043
0.0102	0.58	-0.696034
0.0102	0.59	-0.608256
0.0102	0.6	-0.520854
0.0102	0.61	-0.437048
0.0102	0.62	-0.359368
0.0102	0.63	-0.28957
0.0102	0.64	-0.228655
0.0102	0.65	-0.176942
0.0102	0.66	-0.134186
0.0102	0.67	-0.0997289
0.0102	0.68	-0.0726398
0.0102	0.69	-0.0518529
0.0102	0.7	-0.0362763
0.0102	0.71	-0.0248729
0.0102	0.72	-0.0167143
0.0102	0.73	-0.011008
0.0102	0.74	-0.00710554
0.0102	0.75	-0.00449522
0.0102	0.76	-0.00278724
0.0102	0.77	-0.00169382
0.0102	0.78	-0.00100887
0.0102	0.79	-0.00058895
0.0102	0.8	-0.000336974
0.0102	0.81	-0.00018897
0.0102	0.82	-0.000103865
0.0102	0.83	-5.59528e-05
0.0102	0.84	-2.95431e-05
0.0102	0.85	-1.52888e-05
0.0102	0.86	-7.75481e-06
0.0102	0.87	-3.85524e-06
0.0102	0.88	-1.87852e-06
0.0102	0.89	-8.97145e-07
0.0102	0.9	-4.19946e-07
0.0102	0.91	-1.92668e-07
0.0102	0.92	-8.66379e-08
0.0102	0.93	-3.81849e-08
0.0102	0.94	-1.64953e-08
0.0102	0.95	-6.98417e-09
0.0102	0.96	-2.89837e-09
0.0102	0.97	-1.1789e-09
0.0102	0.98	-4.69989e-10
0.0102	0.99	-1.83646e-10
0.0102	1	0


0.0107	0	0
0.0107	0.01	2.6027e-09
0.0107	0.02	6.97371e-09
0.0107	0.03	1.59067e-08
0.0107	0.04	3.47321e-08
0.0107	0.05	7.39741e-08
0.0107	0.06	1.54197e-07
0.0107	0.07	3.14739e-07
0.0107	0.08	6.29165e-07
0.0107	0.09	1.23168e-06
0.0107	0.1	2.36118e-06
0.0107	0.11	4.43234e-06
0.0107	0.12	8.14674e-06
0.0107	0.13	1.46606e-05
0.0107	0.14	2.58288e-05
0.0107	0.15	4.45453e-05
0.0107	0.16	7.51977e-05
0.0107	0.17	0.00012424
0.0107	0.18	0.00020087
0.0107	0.19	0.000317761
0.0107	0.2	0.000491741
0.0107	0.21	0.000744264
0.0107	0.22	0.00110142
0.0107	0.23	0.00159321
0.0107	0.24	0.00225163
0.0107	0.25	0.00310733
0.0107	0.26	0.00418438
0.0107	0.27	0.005493
0.0107	0.28	0.00702011
0.0107	0.29	0.00871811
0.0107	0.3	0.0104922
0.0107	0.31	0.0121867
0.0107	0.32	0.0135726
0.0107	0.33	0.0143347
0.0107	0.34	0.0140631
0.0107	0.35	0.012246
0.0107	0.36	0.00826831
0.0107	0.37	0.00141414
0.0107	0.38	-0.00912293
0.0107	0.39	-0.024222
0.0107	0.4	-0.0448058
0.0107	0.41	-0.071798
0.0107	0.42	-0.106064
0.0107	0.43	-0.148336
0.0107	0.44	-0.199116
0.0107	0.45	-0.25857
0.0107	0.46	-0.326419
0.0107	0.47	-0.401834
0.0107	0.48	-0.483358
0.0107	0.49	-0.56888
0.0107	0.5	-0.655656
0.0107	0.51	-0.740415
0.0107	0.52	-0.819534
0.0107	0.53	-0.889278
0.0107	0.54	-0.94609
0.0107	0.55	-0.986893
0.0107	0.56	-1.00938
0.0107	0.57	-1.01221
0.0107	0.58	-0.995204
0.0107	0.59	-0.959311
0.0107	0.6	-0.906558
0.0107	0.61	-0.839855
0.0107	0.62	-0.76273
0.0107	0.63	-0.679018
0.0107	0.64	-0.592549
0.0107	0.65	-0.506861
0.0107	0.66	-0.424978
0.0107	0.67	-0.349262
0.0107	0.68	-0.281342
0.0107	0.69	-0.222133
0.0107	0.7	-0.171903
0.0107	0.71	-0.130389
0.0107	0.72	-0.0969352
0.0107	0.73	-0.0706326
0.0107	0.74	-0.050444
0.0107	0.75	-0.0353096
0.0107	0.76	-0.0242245
0.0107	0.77	-0.0162889
0.0107	0.78	-0.0107351
0.0107	0.79	-0.00693423
0.0107	0.8	-0.00439
0.0107	0.81	-0.00272399
0.0107	0.82	-0.00165662
0.0107	0.83	-0.000987447
0.0107	0.84	-0.000576872
0.0107	0.85	-0.000330309
0.0107	0.86	-0.000185369
0.0107	0.87	-0.000101959
0.0107	0.88	-5.49657e-05
0.0107	0.89	-2.90423e-05
0.0107	0.9	-1.504e-05
0.0107	0.91	-7.63374e-06
0.0107	0.92	-3.79754e-06
0.0107	0.93	-1.85159e-06
0.0107	0.94	-8.84832e-07
0.0107	0.95	-4.14362e-07
0.0107	0.96	-1.90067e-07
0.0107	0.97	-8.51328e-08
0.0107	0.98	-3.65797e-08
0.0107	0.99	-1.34454e-08
0.0107	1	0


0.0112	0	0
0.0112	0.01	1.19431e-07
0.0112	0.02	2.9875e-07
0.0112	0.03	6.21992e-07
0.0112	0.04	1.22861e-06
0.0112	0.05	2.3601e-06
0.0112	0.06	4.4325e-06
0.0112	0.07	8.14835e-06
0.0112	0.08	1.4665e-05
0.0112	0.09	2.58395e-05
0.0112	0.1	4.45704e-05
0.0112	0.11	7.5255e-05
0.0112	0.12	0.000124368
0.0112	0.13	0.000201153
0.0112	0.14	0.00031837
0.0112	0.15	0.000493029
0.0112	0.16	0.000746931
0.0112	0.17	0.00110684
0.0112	0.18	0.00160398
0.0112	0.19	0.00227262
0.0112	0.2	0.00314745
0.0112	0.21	0.00425953
0.0112	0.22	0.00563094
0.0112	0.23	0.00726829
0.0112	0.24	0.00915574
0.0112	0.25	0.0112485
0.0112	0.26	0.0134677
0.0112	0.27	0.0156988
0.0112	0.28	0.0177934
0.0112	0.29	0.0195769
0.0112	0.3	0.0208599
0.0112	0.31	0.0214551
0.0112	0.32	0.0211957
0.0112	0.33	0.0199531
0.0112	0.34	0.0176511
0.0112	0.35	0.0142725
0.0112	0.36	0.00985426
0.0112	0.37	0.00447176
0.0112	0.38	-0.00179102
0.0112	0.39	-0.00888158
0.0112	0.4	-0.0168264
0.0112	0.41	-0.02578
0.0112	0.42	-0.0360696
0.0112	0.43	-0.0482266
0.0112	0.44	-0.0629984
0.0112	0.45	-0.0813346
0.0112	0.46	-0.104341
0.0112	0.47	-0.133199
0.0112	0.48	-0.16906
0.0112	0.49	-0.212898
0.0112	0.5	-0.265364
0.0112	0.51	-0.326623
0.0112	0.52	-0.396217
0.0112	0.53	-0.472957
0.0112	0.54	-0.554886
0.0112	0.55	-0.639301
0.0112	0.56	-0.722871
0.0112	0.57	-0.801833
0.0112	0.58	-0.872262
0.0112	0.59	-0.930382
0.0112	0.6	-0.972901
0.0112	0.61	-0.997305
0.0112	0.62	-1.00211
0.0112	0.63	-0.986977
0.0112	0.64	-0.952789
0.0112	0.65	-0.901519
0.0112	0.66	-0.836057
0.0112	0.67	-0.759936
0.0112	0.68	-0.677011
0.0112	0.69	-0.59114
0.0112	0.7	-0.505894
0.0112	0.71	-0.42433
0.0112	0.72	-0.348836
0.0112	0.73	-0.281069
0.0112	0.74	-0.221962
0.0112	0.75	-0.171798
0.0112	0.76	-0.130326
0.0112	0.77	-0.096898
0.0112	0.78	-0.0706112
0.0112	0.79	-0.0504319
0.0112	0.8	-0.0353029
0.0112	0.81	-0.0242209
0.0112	0.82	-0.016287
0.0112	0.83	-0.0107341
0.0112	0.84	-0.00693373
0.0112	0.85	-0.00438975
0.0112	0.86	-0.00272387
0.0112	0.87	-0.00165656
0.0112	0.88	-0.00098742
0.0112	0.89	-0.00057686
0.0112	0.9	-0.000330303
0.0112	0.91	-0.000185366
0.0112	0.92	-0.000101958
0.0112	0.93	-5.49641e-05
0.0112	0.94	-2.90393e-05
0.0112	0.95	-1.5033e-05
0.0112	0.96	-7.61739e-06
0.0112	0.97	-3.75978e-06
0.0112	0.98	-1.76598e-06
0.0112	0.99	-6.94582e-07
0.0112	1	0


0.0117	0	0
0.0117	0.01	3.20129e-06
0.0117	0.02	7.51938e-06
0.0117	0.03	1.43503e-05
0.0117	0.04	2.56853e-05
0.0117	0.05	4.44964e-05
0.0117	0.06	7.52202e-05
0.0117	0.07	0.000124352
0.0117	0.08	0.000201146
0.0117	0.09	0.000318367
0.0117	0.1	0.000493028
0.0117	0.11	0.000746931
0.0117	0.12	0.00110684
0.0117	0.13	0.00160398
0.0117	0.14	0.00227263
0.0117	0.15	0.00314748
0.0117	0.16	0.00425959
0.0117	0.17	0.00563107
0.0117	0.18	0.00726858
0.0117	0.19	0.00915635
0.0117	0.2	0.0112497
0.0117	0.21	0.0134703
0.0117	0.22	0.0157042
0.0117	0.23	0.0178042
0.0117	0.24	0.0195979
0.0117	0.25	0.0209
0.0117	0.26	0.0215303
0.0117	0.27	0.0213336
0.0117	0.28	0.0202013
0.0117	0.29	0.0180888
0.0117	0.3	0.0150288
0.0117	0.31	0.0111352
0.0117	0.32	0.00659796
0.0117	0.33	0.00166769
0.0117	0.34	-0.0033678
0.0117	0.35	-0.00821252
0.0117	0.36	-0.0125932
0.0117	0.37	-0.0162881
0.0117	0.38	-0.0191506
0.0117	0.39	-0.0211253
0.0117	0.4	-0.0222564
0.0117	0.41	-0.0226884
0.0117	0.42	-0.0226632
0.0117	0.43	-0.0225144
0.0117	0.44	-0.0226637
0.0117	0.45	-0.0236201
0.0117	0.46	-0.025984
0.0117	0.47	-0.0304526
0.0117	0.48	-0.0378257
0.0117	0.49	-0.0490049
0.0117	0.5	-0.0649801
0.0117	0.51	-0.0867968
0.0117	0.52	-0.115499
0.0117	0.53	-0.152043
0.0117	0.54	-0.19719
0.0117	0.55	-0.251371
0.0117	0.56	-0.314553
0.0117	0.57	-0.386111
0.0117	0.58	-0.46473
0.0117	0.59	-0.548364
0.0117	0.6	-0.634262
0.0117	0.61	-0.719073
0.0117	0.62	-0.79904
0.0117	0.63	-0.870255
0.0117	0.64	-0.928973
0.0117	0.65	-0.971934
0.0117	0.66	-0.996657
0.0117	0.67	-1.00168
0.0117	0.68	-0.986704
0.0117	0.69	-0.952618
0.0117	0.7	-0.901413
0.0117	0.71	-0.835994
0.0117	0.72	-0.759899
0.0117	0.73	-0.676989
0.0117	0.74	-0.591128
0.0117	0.75	-0.505888
0.0117	0.76	-0.424326
0.0117	0.77	-0.348835
0.0117	0.78	-0.281068
0.0117	0.79	-0.221962
0.0117	0.8	-0.171798
0.0117	0.81	-0.130325
0.0117	0.82	-0.096898
0.0117	0.83	-0.0706112
0.0117	0.84	-0.0504319
0.0117	0.85	-0.0353029
0.0117	0.86	-0.0242209
0.0117	0.87	-0.016287
0.0117	0.88	-0.0107341
0.0117	0.89	-0.00693373
0.0117	0.9	-0.00438974
0.0117	0.91	-0.00272386
0.0117	0.92	-0.00165652
0.0117	0.93	-0.000987334
0.0117	0.94	-0.00057667
0.0117	0.95	-0.000329889
0.0117	0.96	-0.000184481
0.0117	0.97	-0.000100107
0.0117	0.98	-5.11677e-05
0.0117	0.99	-2.14084e-05
0.0117	1	0


0.0122	0	0
0.0122	0.01	4.94155e-05
0.0122	0.02	0.000109703
0.0122	0.03	0.000193004
0.0122	0.04	0.000313938
0.0122	0.05	0.000490668
0.0122	0.06	0.0007457
0.0122	0.07	0.00110621
0.0122	0.08	0.00160367
0.0122	0.09	0.00227248
0.0122	0.1	0.0031474
0.0122	0.11	0.00425955
0.0122	0.12	0.00563105
0.0122	0.13	0.00726857
0.0122	0.14	0.00915635
0.0122	0.15	0.0112497
0.0122	0.16	0.0134703
0.0122	0.17	0.0157042
0.0122	0.18	0.0178042
0.0122	0.19	0.0195979
0.0122	0.2	0.0209
0.0122	0.21	0.0215303
0.0122	0.22	0.0213338
0.0122	0.23	0.0202015
0.0122	0.24	0.0180894
0.0122	0.25	0.01503
0.0122	0.26	0.0111379
0.0122	0.27	0.00660337
0.0122	0.28	0.00167845
0.0122	0.29	-0.00334681
0.0122	0.3	-0.0081724
0.0122	0.31	-0.012518
0.0122	0.32	-0.0161501
0.0122	0.33	-0.0189024
0.0122	0.34	-0.0206877
0.0122	0.35	-0.0215001
0.0122	0.36	-0.0214075
0.0122	0.37	-0.020537
0.0122	0.38	-0.0190557
0.0122	0.39	-0.0171499
0.0122	0.4	-0.0150063
0.0122	0.41	-0.0127972
0.0122	0.42	-0.0106711
0.0122	0.43	-0.00874973
0.0122	0.44	-0.00713181
0.0122	0.45	-0.00590188
0.0122	0.46	-0.00514455
0.0122	0.47	-0.00496259
0.0122	0.48	-0.00549809
0.0122	0.49	-0.00695582
0.0122	0.5	-0.00962731
0.0122	0.51	-0.013914
0.0122	0.52	-0.0203469
0.0122	0.53	-0.0295984
0.0122	0.54	-0.0424832
0.0122	0.55	-0.0599413
0.0122	0.56	-0.0829992
0.0122	0.57	-0.112705
0.0122	0.58	-0.150036
0.0122	0.59	-0.195781
0.0122	0.6	-0.250405
0.0122	0.61	-0.313905
0.0122	0.62	-0.385686
0.0122	0.63	-0.464457
0.0122	0.64	-0.548193
0.0122	0.65	-0.634157
0.0122	0.66	-0.71901
0.0122	0.67	-0.799002
0.0122	0.68	-0.870233
0.0122	0.69	-0.928961
0.0122	0.7	-0.971927
0.0122	0.71	-0.996653
0.0122	0.72	-1.00168
0.0122	0.73	-0.986703
0.0122	0.74	-0.952617
0.0122	0.75	-0.901413
0.0122	0.76	-0.835994
0.0122	0.77	-0.759899
0.0122	0.78	-0.676989
0.0122	0.79	-0.591128
0.0122	0.8	-0.505888
0.0122	0.81	-0.424326
0.0122	0.82	-0.348835
0.0122	0.83	-0.281068
0.0122	0.84	-0.221962
0.0122	0.85	-0.171798
0.0122	0.86	-0.130325
0.0122	0.87	-0.0968979
0.0122	0.88	-0.0706111
0.0122	0.89	-0.0504317
0.0122	0.9	-0.0353025
0.0122	0.91	-0.02422
0.0122	0.92	-0.0162852
0.0122	0.93	-0.0107304
0.0122	0.94	-0.0069261
0.0122	0.95	-0.00437471
0.0122	0.96	-0.00269483
0.0122	0.97	-0.0016016
0.0122	0.98	-0.000885462
0.0122	0.99	-0.000391494
0.0122	1	0


0.0127	0	0
0.0127	0.01	0.000428561
0.0127	0.02	0.000905686
0.0127	0.03	0.00147961
0.0127	0.04	0.00219738
0.0127	0.05	0.00310291
0.0127	0.06	0.00423375
0.0127	0.07	0.00561641
0.0127	0.08	0.00726043
0.0127	0.09	0.00915192
0.0127	0.1	0.0112474
0.0127	0.11	0.0134691
0.0127	0.12	0.0157035
0.0127	0.13	0.0178039
0.0127	0.14	0.0195977
0.0127	0.15	0.0209
0.0127	0.16	0.0215303
0.0127	0.17	0.0213337
0.0127	0.18	0.0202015
0.0127	0.19	0.0180894
0.0127	0.2	0.01503
0.0127	0.21	0.0111379
0.0127	0.22	0.00660337
0.0127	0.23	0.00167846
0.0127	0.24	-0.0033468
0.0127	0.25	-0.00817237
0.0127	0.26	-0.012518
0.0127	0.27	-0.01615
0.0127	0.28	-0.0189021
0.0127	0.29	-0.0206871
0.0127	0.3	-0.0214988
0.0127	0.31	-0.0214048
0.0127	0.32	-0.0205316
0.0127	0.33	-0.0190449
0.0127	0.34	-0.0171289
0.0127	0.35	-0.0149662
0.0127	0.36	-0.0127221
0.0127	0.37	-0.0105331
0.0127	0.38	-0.00850155
0.0127	0.39	-0.00669418
0.0127	0.4	-0.00514559
0.0127	0.41	-0.00386362
0.0127	0.42	-0.0028364
0.0127	0.43	-0.00203938
0.0127	0.44	-0.00144203
0.0127	0.45	-0.00101347
0.0127	0.46	-0.000727212
0.0127	0.47	-0.000565315
0.0127	0.48	-0.000522363
0.0127	0.49	-0.000610049
0.0127	0.5	-0.000863051
0.0127	0.51	-0.00134696
0.0127	0.52	-0.00216887
0.0127	0.53	-0.00349093
0.0127	0.54	-0.00554688
0.0127	0.55	-0.00866066
0.0127	0.56	-0.0132656
0.0127	0.57	-0.0199215
0.0127	0.58	-0.0293255
0.0127	0.59	-0.0423119
0.0127	0.6	-0.059836
0.0127	0.61	-0.0829359
0.0127	0.62	-0.112668
0.0127	0.63	-0.150015
0.0127	0.64	-0.195769
0.0127	0.65	-0.250398
0.0127	0.66	-0.313901
0.0127	0.67	-0.385684
0.0127	0.68	-0.464456
0.0127	0.69	-0.548192
0.0127	0.7	-0.634157
0.0127	0.71	-0.71901
0.0127	0.72	-0.799002
0.0127	0.73	-0.870233
0.0127	0.74	-0.928961
0.0127	0.75	-0.971927
0.0127	0.76	-0.996653
0.0127	0.77	-1.00168
0.0127	0.78	-0.986703
0.0127	0.79	-0.952617
0.0127	0.8	-0.901413
0.0127	0.81	-0.835994
0.0127	0.82	-0.759899
0.0127	0.83	-0.676989
0.0127	0.84	-0.591127
0.0127	0.85	-0.505887
0.0127	0.86	-0.424326
0.0127	0.87	-0.348833
0.0127	0.88	-0.281065
0.0127	0.89	-0.221954
0.0127	0.9	-0.171782
0.0127	0.91	-0.130296
0.0127	0.92	-0.096843
0.0127	0.93	-0.0705092
0.0127	0.94	-0.0502465
0.0127	0.95	-0.0349726
0.0127	0.96	-0.023644
0.0127	0.97	-0.0152996
0.0127	0.98	-0.00907759
0.0127	0.99	-0.00420986
0.0127	1	0


0.0132	0	0
0.0132	0.01	0.00198695
0.0132	0.02	0.00402709
0.0132	0.03	0.00616174
0.0132	0.04	0.00840942
0.0132	0.05	0.0107567
0.0132	0.06	0.013152
0.0132	0.07	0.015503
0.0132	0.08	0.0176798
0.0132	0.09	0.0195226
0.0132	0.1	0.0208555
0.0132	0.11	0.0215045
0.0132	0.12	0.0213191
0.0132	0.13	0.0201934
0.0132	0.14	0.0180849
0.0132	0.15	0.0150277
0.0132	0.16	0.0111366
0.0132	0.17	0.00660274
0.0132	0.18	0.00167814
0.0132	0.19	-0.00334695
0.0132	0.2	-0.00817245
0.0132	0.21	-0.012518
0.0132	0.22	-0.01615
0.0132	0.23	-0.0189021
0.0132	0.24	-0.0206871
0.0132	0.25	-0.0214988
0.0132	0.26	-0.0214048
0.0132	0.27	-0.0205316
0.0132	0.28	-0.0190449
0.0132	0.29	-0.0171289
0.0132	0.3	-0.0149662
0.0132	0.31	-0.012722
0.0132	0.32	-0.010533
0.0132	0.33	-0.00850126
0.0132	0.34	-0.00669357
0.0132	0.35	-0.0051443
0.0132	0.36	-0.00386096
0.0132	0.37	-0.00283098
0.0132	0.38	-0.00202861
0.0132	0.39	-0.00142104
0.0132	0.4	-0.000973349
0.0132	0.41	-0.000652066
0.0132	0.42	-0.000427368
0.0132	0.43	-0.000274177
0.0132	0.44	-0.000172419
0.0132	0.45	-0.000106756
0.0132	0.46	-6.60329e-05
0.0132	0.47	-4.26781e-05
0.0132	0.48	-3.22236e-05
0.0132	0.49	-3.30948e-05
0.0132	0.5	-4.68166e-05
0.0132	0.51	-7.88073e-05
0.0132	0.52	-0.000139981
0.0132	0.53	-0.000249457
0.0132	0.54	-0.00043874
0.0132	0.55	-0.000757832
0.0132	0.56	-0.00128372
0.0132	0.57	-0.00213166
0.0132	0.58	-0.00346951
0.0132	0.59	-0.0055348
0.0132	0.6	-0.00865399
0.0132	0.61	-0.013262
0.0132	0.62	-0.0199196
0.0132	0.63	-0.0293245
0.0132	0.64	-0.0423114
0.0132	0.65	-0.0598358
0.0132	0.66	-0.0829358
0.0132	0.67	-0.112668
0.0132	0.68	-0.150015
0.0132	0.69	-0.195769
0.0132	0.7	-0.250398
0.0132	0.71	-0.313901
0.0132	0.72	-0.385684
0.0132	0.73	-0.464456
0.0132	0.74	-0.548192
0.0132	0.75	-0.634157
0.0132	0.76	-0.71901
0.0132	0.77	-0.799002
0.0132	0.78	-0.870233
0.0132	0.79	-0.928961
0.0132	0.8	-0.971927
0.0132	0.81	-0.996652
0.0132	0.82	-1.00168
0.0132	0.83	-0.986699
0.0132	0.84	-0.952609
0.0132	0.85	-0.901398
0.0132	0.86	-0.835965
0.0132	0.87	-0.759844
0.0132	0.88	-0.676887
0.0132	0.89	-0.590942
0.0132	0.9	-0.505557
0.0132	0.91	-0.42375
0.0132	0.92	-0.347847
0.0132	0.93	-0.279412
0.0132	0.94	-0.219238
0.0132	0.95	-0.167408
0.0132	0.96	-0.123392
0.0132	0.97	-0.0861638
0.0132	0.98	-0.0543241
0.0132	0.99	-0.0262111
0.0132	1	0


0.0137	0	0
0.0137	0.01	0.00431397
0.0137	0.02	0.00843559
0.0137	0.03	0.0121731
0.0137	0.04	0.0153383
0.0137	0.05	0.0177526
0.0137	0.06	0.0192577
0.0137	0.07	0.0197298
0.0137	0.08	0.0190947
0.0137	0.09	0.0173424
0.0137	0.1	0.014537
0.0137	0.11	0.0108195
0.0137	0.12	0.00640222
0.0137	0.13	0.00155409
0.0137	0.14	-0.00342205
0.0137	0.15	-0.00821694
0.0137	0.16	-0.0125438
0.0137	0.17	-0.0161647
0.0137	0.18	-0.0189102
0.0137	0.19	-0.0206915
0.0137	0.2	-0.0215011
0.0137	0.21	-0.0214061
0.0137	0.22	-0.0205322
0.0137	0.23	-0.0190452
0.0137	0.24	-0.017129
0.0137	0.25	-0.0149662
0.0137	0.26	-0.012722
0.0137	0.27	-0.010533
0.0137	0.28	-0.00850127
0.0137	0.29	-0.00669357
0.0137	0.3	-0.0051443
0.0137	0.31	-0.00386096
0.0137	0.32	-0.00283098
0.0137	0.33	-0.00202861
0.0137	0.34	-0.00142103
0.0137	0.35	-0.000973324
0.0137	0.36	-0.000652009
0.0137	0.37	-0.00042724
0.0137	0.38	-0.000273894
0.0137	0.39	-0.00017181
0.0137	0.4	-0.000105468
0.0137	0.41	-6.33663e-05
0.0137	0.42	-3.72656e-05
0.0137	0.43	-2.14562e-05
0.0137	0.44	-1.21003e-05
0.0137	0.45	-6.69571e-06
0.0137	0.46	-3.66113e-06
0.0137	0.47	-2.035e-06
0.0137	0.48	-1.27032e-06
0.0137	0.49	-1.11052e-06
0.0137	0.5	-1.53683e-06
0.0137	0.51	-2.78843e-06
0.0137	0.52	-5.47204e-06
0.0137	0.53	-1.07989e-05
0.0137	0.54	-2.10175e-05
0.0137	0.55	-4.01514e-05
0.0137	0.56	-7.52058e-05
0.0137	0.57	-0.000138076
0.0137	0.58	-0.00024847
0.0137	0.59	-0.00043824
0.0137	0.6	-0.000757583
0.0137	0.61	-0.0012836
0.0137	0.62	-0.00213161
0.0137	0.63	-0.00346948
0.0137	0.64	-0.00553479
0.0137	0.65	-0.00865399
0.0137	0.66	-0.013262
0.0137	0.67	-0.0199196
0.0137	0.68	-0.0293245
0.0137	0.69	-0.0423114
0.0137	0.7	-0.0598358
0.0137	0.71	-0.0829358
0.0137	0.72	-0.112668
0.0137	0.73	-0.150015
0.0137	0.74	-0.195769
0.0137	0.75	-0.250398
0.0137	0.76	-0.313901
0.0137	0.77	-0.385682
0.0137	0.78	-0.464452
0.0137	0.79	-0.548185
0.0137	0.8	-0.634142
0.0137	0.81	-0.718981
0.0137	0.82	-0.798947
0.0137	0.83	-0.870131
0.0137	0.84	-0.928776
0.0137	0.85	-0.971597
0.0137	0.86	-0.996076
0.0137	0.87	-1.00069
0.0137	0.88	-0.985046
0.0137	0.89	-0.949893
0.0137	0.9	-0.897023
0.0137	0.91	-0.82906
0.0137	0.92	-0.749165
0.0137	0.93	-0.660702
0.0137	0.94	-0.566907
0.0137	0.95	-0.470585
0.0137	0.96	-0.373895
0.0137	0.97	-0.278223
0.0137	0.98	-0.18417
0.0137	0.99	-0.0916362
0.0137	1	0


0.0142	0	0
0.0142	0.01	0.00193243
0.0142	0.02	0.00352955
0.0142	0.03	0.00449738
0.0142	0.04	0.00461905
0.0142	0.05	0.00378031
0.0142	0.06	0.0019815
0.0142	0.07	-0.000665206
0.0142	0.08	-0.00395261
0.0142	0.09	-0.00760638
0.0142	0.1	-0.0113198
0.0142	0.11	-0.0147906
0.0142	0.12	-0.017754
0.0142	0.13	-0.0200089
0.0142	0.14	-0.021434
0.0142	0.15	-0.0219918
0.0142	0.16	-0.0217232
0.0142	0.17	-0.0207328
0.0142	0.18	-0.0191693
0.0142	0.19	-0.0172041
0.0142	0.2	-0.0150107
0.0142	0.21	-0.0127478
0.0142	0.22	-0.0105477
0.0142	0.23	-0.00850941
0.0142	0.24	-0.006698
0.0142	0.25	-0.00514666
0.0142	0.26	-0.00386219
0.0142	0.27	-0.00283161
0.0142	0.28	-0.00202892
0.0142	0.29	-0.00142118
0.0142	0.3	-0.000973398
0.0142	0.31	-0.000652044
0.0142	0.32	-0.000427256
0.0142	0.33	-0.000273901
0.0142	0.34	-0.000171813
0.0142	0.35	-0.00010547
0.0142	0.36	-6.33661e-05
0.0142	0.37	-3.7264e-05
0.0142	0.38	-2.14518e-05
0.0142	0.39	-1.20896e-05
0.0142	0.4	-6.67071e-06
0.0142	0.41	-3.60386e-06
0.0142	0.42	-1.90647e-06
0.0142	0.43	-9.87628e-07
0.0142	0.44	-5.01107e-07
0.0142	0.45	-2.49191e-07
0.0142	0.46	-1.21848e-07
0.0142	0.47	-5.95588e-08
0.0142	0.48	-3.14299e-08
0.0142	0.49	-2.30237e-08
0.0142	0.5	-3.05312e-08
0.0142	0.51	-5.96974e-08
0.0142	0.52	-1.2958e-07
0.0142	0.53	-2.83169e-07
0.0142	0.54	-6.09705e-07
0.0142	0.55	-1.288e-06
0.0142	0.56	-2.66736e-06
0.0142	0.57	-5.41434e-06
0.0142	0.58	-1.0772e-05
0.0142	0.59	-2.10052e-05
0.0142	0.6	-4.01459e-05
0.0142	0.61	-7.52032e-05
0.0142	0.62	-0.000138074
0.0142	0.63	-0.000248468
0.0142	0.64	-0.000438237
0.0142	0.65	-0.000757576
0.0142	0.66	-0.00128358
0.0142	0.67	-0.00213157
0.0142	0.68	-0.0034694
0.0142	0.69	-0.0055346
0.0142	0.7	-0.00865357
0.0142	0.71	-0.0132611
0.0142	0.72	-0.0199178
0.0142	0.73	-0.0293207
0.0142	0.74	-0.0423037
0.0142	0.75	-0.0598208
0.0142	0.76	-0.0829068
0.0142	0.77	-0.112613
0.0142	0.78	-0.149913
0.0142	0.79	-0.195584
0.0142	0.8	-0.250068
0.0142	0.81	-0.313325
0.0142	0.82	-0.384696
0.0142	0.83	-0.462799
0.0142	0.84	-0.545469
0.0142	0.85	-0.629767
0.0142	0.86	-0.712076
0.0142	0.87	-0.788268
0.0142	0.88	-0.853946
0.0142	0.89	-0.90474
0.0142	0.9	-0.936624
0.0142	0.91	-0.946221
0.0142	0.92	-0.931067
0.0142	0.93	-0.889805
0.0142	0.94	-0.822292
0.0142	0.95	-0.729616
0.0142	0.96	-0.614032
0.0142	0.97	-0.47883
0.0142	0.98	-0.328155
0.0142	0.99	-0.166801
0.0142	1	0


0.0147	0	0
0.0147	0.01	-0.00695153
0.0147	0.02	-0.0135982
0.0147	0.03	-0.0196553
0.0147	0.04	-0.0248771
0.0147	0.05	-0.0290724
0.0147	0.06	-0.0321159
0.0147	0.07	-0.0339542
0.0147	0.08	-0.0346063
0.0147	0.09	-0.0341574
0.0147	0.1	-0.0327485
0.0147	0.11	-0.0305612
0.0147	0.12	-0.0278002
0.0147	0.13	-0.024676
0.0147	0.14	-0.0213885
0.0147	0.15	-0.0181136
0.0147	0.16	-0.0149946
0.0147	0.17	-0.012137
0.0147	0.18	-0.0096081
0.0147	0.19	-0.0074405
0.0147	0.2	-0.00563733
0.0147	0.21	-0.00417933
0.0147	0.22	-0.00303213
0.0147	0.23	-0.00215298
0.0147	0.24	-0.00149628
0.0147	0.25	-0.00101789
0.0147	0.26	-0.000677849
0.0147	0.27	-0.000441905
0.0147	0.28	-0.000282043
0.0147	0.29	-0.000176243
0.0147	0.3	-0.00010783
0.0147	0.31	-6.45973e-05
0.0147	0.32	-3.7893e-05
0.0147	0.33	-2.17664e-05
0.0147	0.34	-1.22438e-05
0.0147	0.35	-6.74468e-06
0.0147	0.36	-3.63863e-06
0.0147	0.37	-1.92246e-06
0.0147	0.38	-9.94801e-07
0.0147	0.39	-5.0418e-07
0.0147	0.4	-2.50276e-07
0.0147	0.41	-1.21688e-07
0.0147	0.42	-5.79536e-08
0.0147	0.43	-2.70353e-08
0.0147	0.44	-1.2354e-08
0.0147	0.45	-5.52999e-09
0.0147	0.46	-2.42485e-09
0.0147	0.47	-1.05549e-09
0.0147	0.48	-4.80742e-10
0.0147	0.49	-2.94334e-10
0.0147	0.5	-3.67103e-10
0.0147	0.51	-7.73618e-10
0.0147	0.52	-1.85895e-09
0.0147	0.53	-4.49744e-09
0.0147	0.54	-1.07106e-08
0.0147	0.55	-2.49468e-08
0.0147	0.56	-5.70964e-08
0.0147	0.57	-1.28075e-07
0.0147	0.58	-2.81563e-07
0.0147	0.59	-6.06655e-07
0.0147	0.6	-1.28102e-06
0.0147	0.61	-2.65102e-06
0.0147	0.62	-5.37658e-06
0.0147	0.63	-1.06864e-05
0.0147	0.64	-2.0815e-05
0.0147	0.65	-3.97315e-05
0.0147	0.66	-7.43186e-05
0.0147	0.67	-0.000136223
0.0147	0.68	-0.000244672
0.0147	0.69	-0.000430606
0.0147	0.7	-0.000742543
0.0147	0.71	-0.00125456
0.0147	0.72	-0.00207664
0.0147	0.73	-0.00336752
0.0147	0.74	-0.00534942
0.0147	0.75	-0.00832368
0.0147	0.76	-0.0126852
0.0147	0.77	-0.0189322
0.0147	0.78	-0.0276679
0.0147	0.79	-0.0395875
0.0147	0.8	-0.055446
0.0147	0.81	-0.0760021
0.0147	0.82	-0.101934
0.0147	0.83	-0.133728
0.0147	0.84	-0.171548
0.0147	0.85	-0.215095
0.0147	0.86	-0.26347
0.0147	0.87	-0.315072
0.0147	0.88	-0.367558
0.0147	0.89	-0.417867
0.0147	0.9	-0.462359
0.0147	0.91	-0.497048
0.0147	0.92	-0.517934
0.0147	0.93	-0.521399
0.0147	0.94	-0.504635
0.0147	0.95	-0.46604
0.0147	0.96	-0.405526
0.0147	0.97	-0.324689
0.0147	0.98	-0.226804
0.0147	0.99	-0.116623
0.0147	1	0


0.0152	0	0
0.0152	0.01	-0.00917118
0.0152	0.02	-0.0178284
0.0152	0.03	-0.0255055
0.0152	0.04	-0.0318249
0.0152	0.05	-0.0365288
0.0152	0.06	-0.0394942
0.0152	0.07	-0.0407332
0.0152	0.08	-0.0403787
0.0152	0.09	-0.0386592
0.0152	0.1	-0.0358662
0.0152	0.11	-0.0323199
0.0152	0.12	-0.0283372
0.0152	0.13	-0.0242054
0.0152	0.14	-0.0201639
0.0152	0.15	-0.016394
0.0152	0.16	-0.0130173
0.0152	0.17	-0.0100996
0.0152	0.18	-0.00765968
0.0152	0.19	-0.00568062
0.0152	0.2	-0.0041208
0.0152	0.21	-0.00292464
0.0152	0.22	-0.00203122
0.0152	0.23	-0.00138073
0.0152	0.24	-0.000918741
0.0152	0.25	-0.000598497
0.0152	0.26	-0.000381736
0.0152	0.27	-0.000238417
0.0152	0.28	-0.00014582
0.0152	0.29	-8.73446e-05
0.0152	0.3	-5.12411e-05
0.0152	0.31	-2.94433e-05
0.0152	0.32	-1.65716e-05
0.0152	0.33	-9.13618e-06
0.0152	0.34	-4.93408e-06
0.0152	0.35	-2.61037e-06
0.0152	0.36	-1.3529e-06
0.0152	0.37	-6.8692e-07
0.0152	0.38	-3.41692e-07
0.0152	0.39	-1.66517e-07
0.0152	0.4	-7.95041e-08
0.0152	0.41	-3.71904e-08
0.0152	0.42	-1.70447e-08
0.0152	0.43	-7.65376e-09
0.0152	0.44	-3.36736e-09
0.0152	0.45	-1.45157e-09
0.0152	0.46	-6.13095e-10
0.0152	0.47	-2.5372e-10
0.0152	0.48	-1.02884e-10
0.0152	0.49	-4.08729e-11
0.0152	0.5	5.44189e-11
0.0152	0.51	1.76205e-10
0.0152	0.52	4.49657e-10
0.0152	0.53	1.12449e-09
0.0152	0.54	2.7556e-09
0.0152	0.55	6.61707e-09
0.0152	0.56	1.55701e-08
0.0152	0.57	3.58997e-08
0.0152	0.58	8.11053e-08
0.0152	0.59	1.7954e-07
0.0152	0.6	3.89415e-07
0.0152	0.61	8.27552e-07
0.0152	0.62	1.72304e-06
0.0152	0.63	3.5148e-06
0.0152	0.64	7.02418e-06
0.0152	0.65	1.3752e-05
0.0152	0.66	2.63748e-05
0.0152	0.67	4.95509e-05
0.0152	0.68	9.11862e-05
0.0152	0.69	0.000164361
0.0152	0.7	0.000290158
0.0152	0.71	0.000501657
0.0152	0.72	0.000849345
0.0152	0.73	0.00140809
0.0152	0.74	0.00228563
0.0152	0.75	0.00363217
0.0152	0.76	0.00565013
0.0152	0.77	0.00860254
0.0152	0.78	0.0128175
0.0152	0.79	0.0186861
0.0152	0.8	0.026649
0.0152	0.81	0.0371699
0.0152	0.82	0.0506915
0.0152	0.83	0.0675735
0.0152	0.84	0.088014
0.0152	0.85	0.111962
0.0152	0.86	0.139026
0.0152	0.87	0.168401
0.0152	0.88	0.19882
0.0152	0.89	0.228557
0.0152	0.9	0.25549
0.0152	0.91	0.277226
0.0152	0.92	0.291306
0.0152	0.93	0.295443
0.0152	0.94	0.287801
0.0152	0.95	0.267256
0.0152	0.96	0.233607
0.0152	0.97	0.187701
0.0152	0.98	0.131445
0.0152	0.99	0.067692
0.0152	1	0


0.0157	0	0
0.0157	0.01	-0.000717763
0.0157	0.02	-0.00162952
0.0157	0.03	-0.00289493
0.0157	0.04	-0.00461089
0.0157	0.05	-0.00679379
0.0157	0.06	-0.00937521
0.0157	0.07	-0.0122115
0.0157	0.08	-0.0151046
0.0157	0.09	-0.0178314
0.0157	0.1	-0.0201743
0.0157	0.11	-0.0219503
0.0157	0.12	-0.0230325
0.0157	0.13	-0.0233624
0.0157	0.14	-0.0229514
0.0157	0.15	-0.0218734
0.0157	0.16	-0.0202499
0.0157	0.17	-0.0182314
0.0157	0.18	-0.0159781
0.0157	0.19	-0.0136421
0.0157	0.2	-0.0113552
0.0157	0.21	-0.00921972
0.0157	0.22	-0.00730584
0.0157	0.23	-0.00565252
0.0157	0.24	-0.00427168
0.0157	0.25	-0.00315415
0.0157	0.26	-0.00227624
0.0157	0.27	-0.00160589
0.0157	0.28	-0.00110783
0.0157	0.29	-0.000747433
0.0157	0.3	-0.000493278
0.0157	0.31	-0.000318492
0.0157	0.32	-0.000201211
0.0157	0.33	-0.000124395
0.0157	0.34	-7.52673e-05
0.0157	0.35	-4.45759e-05
0.0157	0.36	-2.58419e-05
0.0157	0.37	-1.46661e-05
0.0157	0.38	-8.14903e-06
0.0157	0.39	-4.43327e-06
0.0157	0.4	-2.36155e-06
0.0157	0.41	-1.23182e-06
0.0157	0.42	-6.2922e-07
0.0157	0.43	-3.14759e-07
0.0157	0.44	-1.54204e-07
0.0157	0.45	-7.39196e-08
0.0157	0.46	-3.45893e-08
0.0157	0.47	-1.55396e-08
0.0157	0.48	-6.04853e-09
0.0157	0.49	-3.17423e-10
0.0157	0.5	5.5326e-09
0.0157	0.51	1.57307e-08
0.0157	0.52	3.75049e-08
0.0157	0.53	8.54999e-08
0.0157	0.54	1.90209e-07
0.0157	0.55	4.14416e-07
0.0157	0.56	8.84824e-07
0.0157	0.57	1.85157e-06
0.0157	0.58	3.79749e-06
0.0157	0.59	7.63359e-06
0.0157	0.6	1.50396e-05
0.0157	0.61	2.90414e-05
0.0157	0.62	5.49634e-05
0.0157	0.63	0.000101954
0.0157	0.64	0.000185355
0.0157	0.65	0.000330278
0.0157	0.66	0.000576803
0.0157	0.67	0.000987291
0.0157	0.68	0.00165628
0.0157	0.69	0.00272326
0.0157	0.7	0.00438846
0.0157	0.71	0.00693106
0.0157	0.72	0.0107287
0.0157	0.73	0.0162763
0.0157	0.74	0.0241999
0.0157	0.75	0.0352628
0.0157	0.76	0.0503567
0.0157	0.77	0.0704731
0.0157	0.78	0.0966495
0.0157	0.79	0.129887
0.0157	0.8	0.17104
0.0157	0.81	0.220678
0.0157	0.82	0.278937
0.0157	0.83	0.345365
0.0157	0.84	0.418792
0.0157	0.85	0.497234
0.0157	0.86	0.577866
0.0157	0.87	0.65707
0.0157	0.88	0.730574
0.0157	0.89	0.793682
0.0157	0.9	0.841577
0.0157	0.91	0.869681
0.0157	0.92	0.874035
0.0157	0.93	0.851664
0.0157	0.94	0.800884
0.0157	0.95	0.721529
0.0157	0.96	0.61506
0.0157	0.97	0.48455
0.0157	0.98	0.334546
0.0157	0.99	0.170818
0.0157	1	0


0.0162	0	0
0.0162	0.01	0.00440686
0.0162	0.02	0.00851192
0.0162	0.03	0.0120303
0.0162	0.04	0.0147113
0.0162	0.05	0.0163545
0.0162	0.06	0.0168261
0.0162	0.07	0.0160711
0.0162	0.08	0.0141214
0.0162	0.09	0.0110969
0.0162	0.1	0.00719905
0.0162	0.11	0.00269479
0.0162	0.12	-0.0021057
0.0162	0.13	-0.00687726
0.0162	0.14	-0.0113097
0.0162	0.15	-0.0151355
0.0162	0.16	-0.0181527
0.0162	0.17	-0.0202388
0.0162	0.18	-0.0213552
0.0162	0.19	-0.0215424
0.0162	0.2	-0.0209067
0.0162	0.21	-0.0196015
0.0162	0.22	-0.0178061
0.0162	0.23	-0.0157052
0.0162	0.24	-0.0134708
0.0162	0.25	-0.01125
0.0162	0.26	-0.00915648
0.0162	0.27	-0.00726863
0.0162	0.28	-0.0056311
0.0162	0.29	-0.0042596
0.0162	0.3	-0.00314748
0.0162	0.31	-0.00227264
0.0162	0.32	-0.00160398
0.0162	0.33	-0.00110684
0.0162	0.34	-0.000746932
0.0162	0.35	-0.000493029
0.0162	0.36	-0.000318371
0.0162	0.37	-0.000201153
0.0162	0.38	-0.000124369
0.0162	0.39	-7.5255e-05
0.0162	0.4	-4.45703e-05
0.0162	0.41	-2.58393e-05
0.0162	0.42	-1.46646e-05
0.0162	0.43	-8.14742e-06
0.0162	0.44	-4.43022e-06
0.0162	0.45	-2.35456e-06
0.0162	0.46	-1.21548e-06
0.0162	0.47	-5.91461e-07
0.0162	0.48	-2.29157e-07
0.0162	0.49	3.60459e-08
0.0162	0.5	3.40442e-07
0.0162	0.51	8.50059e-07
0.0162	0.52	1.83558e-06
0.0162	0.53	3.79032e-06
0.0162	0.54	7.63052e-06
0.0162	0.55	1.50385e-05
0.0162	0.56	2.90416e-05
0.0162	0.57	5.4965e-05
0.0162	0.58	0.000101958
0.0162	0.59	0.000185366
0.0162	0.6	0.000330303
0.0162	0.61	0.00057686
0.0162	0.62	0.00098742
0.0162	0.63	0.00165656
0.0162	0.64	0.00272387
0.0162	0.65	0.00438975
0.0162	0.66	0.00693373
0.0162	0.67	0.0107341
0.0162	0.68	0.016287
0.0162	0.69	0.0242209
0.0162	0.7	0.0353029
0.0162	0.71	0.0504319
0.0162	0.72	0.070611
0.0162	0.73	0.0968977
0.0162	0.74	0.130325
0.0162	0.75	0.171796
0.0162	0.76	0.221959
0.0162	0.77	0.281063
0.0162	0.78	0.348824
0.0162	0.79	0.424305
0.0162	0.8	0.505847
0.0162	0.81	0.591052
0.0162	0.82	0.676851
0.0162	0.83	0.75965
0.0162	0.84	0.835556
0.0162	0.85	0.900656
0.0162	0.86	0.951333
0.0162	0.87	0.984571
0.0162	0.88	0.998209
0.0162	0.89	0.991118
0.0162	0.9	0.963273
0.0162	0.91	0.915699
0.0162	0.92	0.850314
0.0162	0.93	0.769678
0.0162	0.94	0.676699
0.0162	0.95	0.574321
0.0162	0.96	0.465257
0.0162	0.97	0.351788
0.0162	0.98	0.235669
0.0162	0.99	0.118132
0.0162	1	0


0.0167	0	0
0.0167	0.01	0.00283262
0.0167	0.02	0.00567028
0.0167	0.03	0.00850439
0.0167	0.04	0.011301
0.0167	0.05	0.0139928
0.0167	0.06	0.0164769
0.0167	0.07	0.0186177
0.0167	0.08	0.0202577
0.0167	0.09	0.021233
0.0167	0.1	0.0213933
0.0167	0.11	0.0206237
0.0167	0.12	0.0188648
0.0167	0.13	0.0161285
0.0167	0.14	0.0125059
0.0167	0.15	0.0081657
0.0167	0.16	0.00334319
0.0167	0.17	-0.00168036
0.0167	0.18	-0.00660436
0.0167	0.19	-0.0111384
0.0167	0.2	-0.0150303
0.0167	0.21	-0.0180895
0.0167	0.22	-0.0202016
0.0167	0.23	-0.0213338
0.0167	0.24	-0.0215303
0.0167	0.25	-0.0209
0.0167	0.26	-0.0195979
0.0167	0.27	-0.0178042
0.0167	0.28	-0.0157042
0.0167	0.29	-0.0134703
0.0167	0.3	-0.0112497
0.0167	0.31	-0.00915635
0.0167	0.32	-0.00726858
0.0167	0.33	-0.00563107
0.0167	0.34	-0.00425959
0.0167	0.35	-0.00314748
0.0167	0.36	-0.00227263
0.0167	0.37	-0.00160398
0.0167	0.38	-0.00110684
0.0167	0.39	-0.000746929
0.0167	0.4	-0.000493022
0.0167	0.41	-0.000318354
0.0167	0.42	-0.000201115
0.0167	0.43	-0.000124283
0.0167	0.44	-7.50647e-05
0.0167	0.45	-4.41559e-05
0.0167	0.46	-2.49547e-05
0.0167	0.47	-1.28135e-05
0.0167	0.48	-4.35106e-06
0.0167	0.49	3.20062e-06
0.0167	0.5	1.26784e-05
0.0167	0.51	2.78104e-05
0.0167	0.52	5.4336e-05
0.0167	0.53	0.000101643
0.0167	0.54	0.000185212
0.0167	0.55	0.00033023
0.0167	0.56	0.000576825
0.0167	0.57	0.000987404
0.0167	0.58	0.00165655
0.0167	0.59	0.00272387
0.0167	0.6	0.00438975
0.0167	0.61	0.00693373
0.0167	0.62	0.0107341
0.0167	0.63	0.016287
0.0167	0.64	0.0242209
0.0167	0.65	0.0353029
0.0167	0.66	0.0504319
0.0167	0.67	0.0706112
0.0167	0.68	0.096898
0.0167	0.69	0.130325
0.0167	0.7	0.171798
0.0167	0.71	0.221962
0.0167	0.72	0.281068
0.0167	0.73	0.348835
0.0167	0.74	0.424326
0.0167	0.75	0.505888
0.0167	0.76	0.591128
0.0167	0.77	0.676989
0.0167	0.78	0.759898
0.0167	0.79	0.835993
0.0167	0.8	0.901412
0.0167	0.81	0.952614
0.0167	0.82	0.986698
0.0167	0.83	1.00167
0.0167	0.84	0.996632
0.0167	0.85	0.971887
0.0167	0.86	0.928886
0.0167	0.87	0.870095
0.0167	0.88	0.798754
0.0167	0.89	0.718572
0.0167	0.9	0.633399
0.0167	0.91	0.546909
0.0167	0.92	0.462324
0.0167	0.93	0.382214
0.0167	0.94	0.308367
0.0167	0.95	0.241744
0.0167	0.96	0.182507
0.0167	0.97	0.130095
0.0167	0.98	0.0833433
0.0167	0.99	0.0406244
0.0167	1	0


0.0172	0	0
0.0172	0.01	0.00076902
0.0172	0.02	0.00160137
0.0172	0.03	0.00255709
0.0172	0.04	0.00368915
0.0172	0.05	0.00503883
0.0172	0.06	0.00663021
0.0172	0.07	0.008464
0.0172	0.08	0.0105115
0.0172	0.09	0.0127099
0.0172	0.1	0.0149595
0.0172	0.11	0.0171253
0.0172	0.12	0.019043
0.0172	0.13	0.0205306
0.0172	0.14	0.0214043
0.0172	0.15	0.0214985
0.0172	0.16	0.0206869
0.0172	0.17	0.018902
0.0172	0.18	0.01615
0.0172	0.19	0.012518
0.0172	0.2	0.00817237
0.0172	0.21	0.00334679
0.0172	0.22	-0.00167846
0.0172	0.23	-0.00660337
0.0172	0.24	-0.0111379
0.0172	0.25	-0.01503
0.0172	0.26	-0.0180894
0.0172	0.27	-0.0202015
0.0172	0.28	-0.0213338
0.0172	0.29	-0.0215303
0.0172	0.3	-0.0209
0.0172	0.31	-0.0195979
0.0172	0.32	-0.0178042
0.0172	0.33	-0.0157042
0.0172	0.34	-0.0134703
0.0172	0.35	-0.0112497
0.0172	0.36	-0.00915634
0.0172	0.37	-0.00726854
0.0172	0.38	-0.00563099
0.0172	0.39	-0.0042594
0.0172	0.4	-0.00314706
0.0172	0.41	-0.00227175
0.0172	0.42	-0.00160213
0.0172	0.43	-0.00110304
0.0172	0.44	-0.000739298
0.0172	0.45	-0.000477989
0.0172	0.46	-0.000289328
0.0172	0.47	-0.000146188
0.0172	0.48	-2.24104e-05
0.0172	0.49	0.000110111
0.0172	0.5	0.000285733
0.0172	0.51	0.00055102
0.0172	0.52	0.000972755
0.0172	0.53	0.00164841
0.0172	0.54	0.00271944
0.0172	0.55	0.00438739
0.0172	0.56	0.0069325
0.0172	0.57	0.0107335
0.0172	0.58	0.0162867
0.0172	0.59	0.0242207
0.0172	0.6	0.0353029
0.0172	0.61	0.0504319
0.0172	0.62	0.0706112
0.0172	0.63	0.096898
0.0172	0.64	0.130325
0.0172	0.65	0.171798
0.0172	0.66	0.221962
0.0172	0.67	0.281068
0.0172	0.68	0.348835
0.0172	0.69	0.424326
0.0172	0.7	0.505888
0.0172	0.71	0.591128
0.0172	0.72	0.676989
0.0172	0.73	0.759899
0.0172	0.74	0.835994
0.0172	0.75	0.901413
0.0172	0.76	0.952617
0.0172	0.77	0.986703
0.0172	0.78	1.00168
0.0172	0.79	0.996653
0.0172	0.8	0.971927
0.0172	0.81	0.928961
0.0172	0.82	0.870233
0.0172	0.83	0.799002
0.0172	0.84	0.719009
0.0172	0.85	0.634155
0.0172	0.86	0.54819
0.0172	0.87	0.464451
0.0172	0.88	0.385673
0.0172	0.89	0.31388
0.0172	0.9	0.250358
0.0172	0.91	0.195694
0.0172	0.92	0.149877
0.0172	0.93	0.112419
0.0172	0.94	0.0824976
0.0172	0.95	0.0590782
0.0172	0.96	0.0410278
0.0172	0.97	0.0271929
0.0172	0.98	0.0164501
0.0172	0.99	0.00772723
0.0172	1	0


0.0177	0	0
0.0177	0.01	0.000108444
0.0177	0.02	0.00023663
0.0177	0.03	0.000405788
0.0177	0.04	0.000639919
0.0177	0.05	0.000966653
0.0177	0.06	0.00141743
0.0177	0.07	0.0020267
0.0177	0.08	0.00282999
0.0177	0.09	0.00386046
0.0177	0.1	0.00514405
0.0177	0.11	0.00669345
0.0177	0.12	0.00850121
0.0177	0.13	0.010533
0.0177	0.14	0.012722
0.0177	0.15	0.0149662
0.0177	0.16	0.0171289
0.0177	0.17	0.0190449
0.0177	0.18	0.0205316
0.0177	0.19	0.0214048
0.0177	0.2	0.0214988
0.0177	0.21	0.0206871
0.0177	0.22	0.0189021
0.0177	0.23	0.01615
0.0177	0.24	0.012518
0.0177	0.25	0.00817237
0.0177	0.26	0.0033468
0.0177	0.27	-0.00167846
0.0177	0.28	-0.00660337
0.0177	0.29	-0.0111379
0.0177	0.3	-0.01503
0.0177	0.31	-0.0180894
0.0177	0.32	-0.0202015
0.0177	0.33	-0.0213337
0.0177	0.34	-0.0215301
0.0177	0.35	-0.0208996
0.0177	0.36	-0.019597
0.0177	0.37	-0.0178024
0.0177	0.38	-0.0157004
0.0177	0.39	-0.0134627
0.0177	0.4	-0.0112347
0.0177	0.41	-0.00912731
0.0177	0.42	-0.00721361
0.0177	0.43	-0.00552911
0.0177	0.44	-0.00407422
0.0177	0.45	-0.00281717
0.0177	0.46	-0.00169577
0.0177	0.47	-0.000616563
0.0177	0.48	0.000549721
0.0177	0.49	0.00197694
0.0177	0.5	0.00389672
0.0177	0.51	0.00661536
0.0177	0.52	0.010533
0.0177	0.53	0.0161627
0.0177	0.54	0.0241456
0.0177	0.55	0.0352584
0.0177	0.56	0.0504061
0.0177	0.57	0.0705965
0.0177	0.58	0.0968898
0.0177	0.59	0.130321
0.0177	0.6	0.171795
0.0177	0.61	0.22196
0.0177	0.62	0.281068
0.0177	0.63	0.348834
0.0177	0.64	0.424326
0.0177	0.65	0.505888
0.0177	0.66	0.591128
0.0177	0.67	0.676989
0.0177	0.68	0.759899
0.0177	0.69	0.835994
0.0177	0.7	0.901413
0.0177	0.71	0.952617
0.0177	0.72	0.986703
0.0177	0.73	1.00168
0.0177	0.74	0.996653
0.0177	0.75	0.971927
0.0177	0.76	0.928961
0.0177	0.77	0.870233
0.0177	0.78	0.799002
0.0177	0.79	0.71901
0.0177	0.8	0.634157
0.0177	0.81	0.548192
0.0177	0.82	0.464456
0.0177	0.83	0.385684
0.0177	0.84	0.313901
0.0177	0.85	0.250398
0.0177	0.86	0.195769
0.0177	0.87	0.150015
0.0177	0.88	0.112668
0.0177	0.89	0.0829352
0.0177	0.9	0.0598345
0.0177	0.91	0.0423087
0.0177	0.92	0.0293191
0.0177	0.93	0.0199088
0.0177	0.94	0.013241
0.0177	0.95	0.00861384
0.0177	0.96	0.00545959
0.0177	0.97	0.00333141
0.0177	0.98	0.00188314
0.0177	0.99	0.000845358
0.0177	1	0


0.0182	0	0
0.0182	0.01	8.48575e-06
0.0182	0.02	1.95452e-05
0.0182	0.03	3.62762e-05
0.0182	0.04	6.28646e-05
0.0182	0.05	0.000105219
0.0182	0.06	0.000171688
0.0182	0.07	0.000273836
0.0182	0.08	0.000427213
0.0182	0.09	0.000651997
0.0182	0.1	0.000973318
0.0182	0.11	0.00142103
0.0182	0.12	0.00202861
0.0182	0.13	0.00283098
0.0182	0.14	0.00386096
0.0182	0.15	0.0051443
0.0182	0.16	0.00669357
0.0182	0.17	0.00850126
0.0182	0.18	0.010533
0.0182	0.19	0.012722
0.0182	0.2	0.0149662
0.0182	0.21	0.0171289
0.0182	0.22	0.0190449
0.0182	0.23	0.0205316
0.0182	0.24	0.0214048
0.0182	0.25	0.0214988
0.0182	0.26	0.0206871
0.0182	0.27	0.0189021
0.0182	0.28	0.0161501
0.0182	0.29	0.0125182
0.0182	0.3	0.00817279
0.0182	0.31	0.00334768
0.0182	0.32	-0.00167661
0.0182	0.33	-0.00659957
0.0182	0.34	-0.0111302
0.0182	0.35	-0.015015
0.0182	0.36	-0.0180603
0.0182	0.37	-0.0201466
0.0182	0.38	-0.0212318
0.0182	0.39	-0.021345
0.0182	0.4	-0.0205697
0.0182	0.41	-0.019021
0.0182	0.42	-0.0168168
0.0182	0.43	-0.0140476
0.0182	0.44	-0.0107465
0.0182	0.45	-0.00685999
0.0182	0.46	-0.00222262
0.0182	0.47	0.00346557
0.0182	0.48	0.010656
0.0182	0.49	0.0199613
0.0182	0.5	0.0321555
0.0182	0.51	0.0481593
0.0182	0.52	0.0690072
0.0182	0.53	0.0957911
0.0182	0.54	0.129578
0.0182	0.55	0.171304
0.0182	0.56	0.221643
0.0182	0.57	0.280867
0.0182	0.58	0.34871
0.0182	0.59	0.424251
0.0182	0.6	0.505843
0.0182	0.61	0.591102
0.0182	0.62	0.676975
0.0182	0.63	0.759891
0.0182	0.64	0.835989
0.0182	0.65	0.901411
0.0182	0.66	0.952616
0.0182	0.67	0.986702
0.0182	0.68	1.00168
0.0182	0.69	0.996653
0.0182	0.7	0.971927
0.0182	0.71	0.928961
0.0182	0.72	0.870233
0.0182	0.73	0.799002
0.0182	0.74	0.71901
0.0182	0.75	0.634157
0.0182	0.76	0.548192
0.0182	0.77	0.464456
0.0182	0.78	0.385684
0.0182	0.79	0.313901
0.0182	0.8	0.250398
0.0182	0.81	0.195769
0.0182	0.82	0.150015
0.0182	0.83	0.112668
0.0182	0.84	0.0829358
0.0182	0.85	0.0598358
0.0182	0.86	0.0423114
0.0182	0.87	0.0293245
0.0182	0.88	0.0199196
0.0182	0.89	0.013262
0.0182	0.9	0.00865396
0.0182	0.91	0.00553473
0.0182	0.92	0.00346935
0.0182	0.93	0.00213132
0.0182	0.94	0.00128299
0.0182	0.95	0.000756295
0.0182	0.96	0.000435572
0.0182	0.97	0.000243055
0.0182	0.98	0.000127303
0.0182	0.99	5.41982e-05
0.0182	1	0


0.0187	0	0
0.0187	0.01	3.7989e-07
0.0187	0.02	9.29874e-07
0.0187	0.03	1.87952e-06
0.0187	0.04	3.59154e-06
0.0187	0.05	6.66518e-06
0.0187	0.06	1.20872e-05
0.0187	0.07	2.14506e-05
0.0187	0.08	3.72633e-05
0.0187	0.09	6.33654e-05
0.0187	0.1	0.000105468
0.0187	0.11	0.000171809
0.0187	0.12	0.000273894
0.0187	0.13	0.00042724
0.0187	0.14	0.000652009
0.0187	0.15	0.000973324
0.0187	0.16	0.00142103
0.0187	0.17	0.00202861
0.0187	0.18	0.00283098
0.0187	0.19	0.00386096
0.0187	0.2	0.0051443
0.0187	0.21	0.00669359
0.0187	0.22	0.0085013
0.0187	0.23	0.0105331
0.0187	0.24	0.0127222
0.0187	0.25	0.0149666
0.0187	0.26	0.0171298
0.0187	0.27	0.0190468
0.0187	0.28	0.0205354
0.0187	0.29	0.0214125
0.0187	0.3	0.0215138
0.0187	0.31	0.0207161
0.0187	0.32	0.0189571
0.0187	0.33	0.0162519
0.0187	0.34	0.0127033
0.0187	0.35	0.00850268
0.0187	0.36	0.00392366
0.0187	0.37	-0.000691038
0.0187	0.38	-0.00494681
0.0187	0.39	-0.00841398
0.0187	0.4	-0.0106403
0.0187	0.41	-0.0111557
0.0187	0.42	-0.0094674
0.0187	0.43	-0.00504673
0.0187	0.44	0.00269054
0.0187	0.45	0.0144029
0.0187	0.46	0.030834
0.0187	0.47	0.052807
0.0187	0.48	0.0811938
0.0187	0.49	0.116855
0.0187	0.5	0.160548
0.0187	0.51	0.212805
0.0187	0.52	0.2738
0.0187	0.53	0.343203
0.0187	0.54	0.420067
0.0187	0.55	0.50274
0.0187	0.56	0.588855
0.0187	0.57	0.675385
0.0187	0.58	0.758792
0.0187	0.59	0.835247
0.0187	0.6	0.90092
0.0187	0.61	0.952299
0.0187	0.62	0.986502
0.0187	0.63	1.00155
0.0187	0.64	0.996578
0.0187	0.65	0.971883
0.0187	0.66	0.928935
0.0187	0.67	0.870219
0.0187	0.68	0.798994
0.0187	0.69	0.719006
0.0187	0.7	0.634154
0.0187	0.71	0.548191
0.0187	0.72	0.464455
0.0187	0.73	0.385683
0.0187	0.74	0.313901
0.0187	0.75	0.250398
0.0187	0.76	0.195769
0.0187	0.77	0.150015
0.0187	0.78	0.112668
0.0187	0.79	0.0829358
0.0187	0.8	0.0598358
0.0187	0.81	0.0423114
0.0187	0.82	0.0293245
0.0187	0.83	0.0199196
0.0187	0.84	0.013262
0.0187	0.85	0.00865399
0.0187	0.86	0.00553479
0.0187	0.87	0.00346948
0.0187	0.88	0.00213161
0.0187	0.89	0.0012836
0.0187	0.9	0.000757583
0.0187	0.91	0.000438239
0.0187	0.92	0.000248468
0.0187	0.93	0.00013807
0.0187	0.94	7.51927e-05
0.0187	0.95	4.01209e-05
0.0187	0.96	2.09479e-05
0.0187	0.97	1.06434e-05
0.0187	0.98	5.1316e-06
0.0187	0.99	2.05781e-06
0.0187	1	0


0.0192	0	0
0.0192	0.01	9.89576e-09
0.0192	0.02	2.58972e-08
0.0192	0.03	5.72735e-08
0.0192	0.04	1.20923e-07
0.0192	0.05	2.48824e-07
0.0192	0.06	5.00964e-07
0.0192	0.07	9.87574e-07
0.0192	0.08	1.90645e-06
0.0192	0.09	3.60385e-06
0.0192	0.1	6.67076e-06
0.0192	0.11	1.20898e-05
0.0192	0.12	2.14521e-05
0.0192	0.13	3.72649e-05
0.0192	0.14	6.33684e-05
0.0192	0.15	0.000105475
0.0192	0.16	0.000171826
0.0192	0.17	0.000273932
0.0192	0.18	0.000427326
0.0192	0.19	0.000652199
0.0192	0.2	0.000973738
0.0192	0.21	0.00142191
0.0192	0.22	0.00203046
0.0192	0.23	0.00283478
0.0192	0.24	0.00386859
0.0192	0.25	0.00515934
0.0192	0.26	0.00672261
0.0192	0.27	0.00855623
0.0192	0.28	0.010635
0.0192	0.29	0.0129074
0.0192	0.3	0.0152965
0.0192	0.31	0.0177057
0.0192	0.32	0.0200323
0.0192	0.33	0.0221882
0.0192	0.34	0.0241287
0.0192	0.35	0.0258885
0.0192	0.36	0.0276208
0.0192	0.37	0.0296362
0.0192	0.38	0.032437
0.0192	0.39	0.0367388
0.0192	0.4	0.0434753
0.0192	0.41	0.0537787
0.0192	0.42	0.0689327
0.0192	0.43	0.0902946
0.0192	0.44	0.119188
0.0192	0.45	0.156767
0.0192	0.46	0.203872
0.0192	0.47	0.260867
0.0192	0.48	0.327501
0.0192	0.49	0.402796
0.0192	0.5	0.484988
0.0192	0.51	0.57153
0.0192	0.52	0.659185
0.0192	0.53	0.744195
0.0192	0.54	0.822523
0.0192	0.55	0.890163
0.0192	0.56	0.943461
0.0192	0.57	0.979434
0.0192	0.58	0.996047
0.0192	0.59	0.992394
0.0192	0.6	0.96878
0.0192	0.61	0.926689
0.0192	0.62	0.868629
0.0192	0.63	0.797895
0.0192	0.64	0.718263
0.0192	0.65	0.633664
0.0192	0.66	0.547874
0.0192	0.67	0.464255
0.0192	0.68	0.385559
0.0192	0.69	0.313826
0.0192	0.7	0.250354
0.0192	0.71	0.195743
0.0192	0.72	0.15
0.0192	0.73	0.11266
0.0192	0.74	0.0829314
0.0192	0.75	0.0598334
0.0192	0.76	0.0423101
0.0192	0.77	0.0293239
0.0192	0.78	0.0199193
0.0192	0.79	0.0132619
0.0192	0.8	0.00865391
0.0192	0.81	0.00553475
0.0192	0.82	0.00346947
0.0192	0.83	0.0021316
0.0192	0.84	0.00128359
0.0192	0.85	0.000757582
0.0192	0.86	0.000438239
0.0192	0.87	0.000248469
0.0192	0.88	0.000138075
0.0192	0.89	7.52034e-05
0.0192	0.9	4.01459e-05
0.0192	0.91	2.10052e-05
0.0192	0.92	1.07719e-05
0.0192	0.93	5.41428e-06
0.0192	0.94	2.66722e-06
0.0192	0.95	1.28764e-06
0.0192	0.96	6.08779e-07
0.0192	0.97	2.80883e-07
0.0192	0.98	1.24047e-07
0.0192	0.99	4.65694e-08
0.0192	1	0


0.0197	0	0
0.0197	0.01	1.51563e-10
0.0197	0.02	4.26325e-10
0.0197	0.03	1.03516e-09
0.0197	0.04	2.41741e-09
0.0197	0.05	5.58441e-09
0.0197	0.06	1.24968e-08
0.0197	0.07	2.74024e-08
0.0197	0.08	5.88788e-08
0.0197	0.09	1.23973e-07
0.0197	0.1	2.55808e-07
0.0197	0.11	5.17308e-07
0.0197	0.12	1.02533e-06
0.0197	0.13	1.99206e-06
0.0197	0.14	3.7941e-06
0.0197	0.15	7.08513e-06
0.0197	0.16	1.29744e-05
0.0197	0.17	2.33033e-05
0.0197	0.18	4.10613e-05
0.0197	0.19	7.09993e-05
0.0197	0.2	0.000120508
0.0197	0.21	0.000200852
0.0197	0.22	0.000328859
0.0197	0.23	0.000529198
0.0197	0.24	0.000837375
0.0197	0.25	0.00130363
0.0197	0.26	0.00199789
0.0197	0.27	0.00301603
0.0197	0.28	0.00448754
0.0197	0.29	0.00658483
0.0197	0.3	0.00953405
0.0197	0.31	0.0136273
0.0197	0.32	0.0192354
0.0197	0.33	0.02682
0.0197	0.34	0.0369429
0.0197	0.35	0.0502691
0.0197	0.36	0.0675608
0.0197	0.37	0.0896561
0.0197	0.38	0.11743
0.0197	0.39	0.15173
0.0197	0.4	0.193296
0.0197	0.41	0.242649
0.0197	0.42	0.29997
0.0197	0.43	0.364985
0.0197	0.44	0.436844
0.0197	0.45	0.51406
0.0197	0.46	0.594474
0.0197	0.47	0.675311
0.0197	0.48	0.753295
0.0197	0.49	0.824856
0.0197	0.5	0.886383
0.0197	0.51	0.934528
0.0197	0.52	0.966501
0.0197	0.53	0.980345
0.0197	0.54	0.975123
0.0197	0.55	0.951027
0.0197	0.56	0.909363
0.0197	0.57	0.852429
0.0197	0.58	0.783298
0.0197	0.59	0.70554
0.0197	0.6	0.622907
0.0197	0.61	0.539036
0.0197	0.62	0.457187
0.0197	0.63	0.380053
0.0197	0.64	0.309642
0.0197	0.65	0.247251
0.0197	0.66	0.193497
0.0197	0.67	0.148411
0.0197	0.68	0.111561
0.0197	0.69	0.0821889
0.0197	0.7	0.0593428
0.0197	0.71	0.041993
0.0197	0.72	0.0291233
0.0197	0.73	0.0197953
0.0197	0.74	0.0131868
0.0197	0.75	0.00860942
0.0197	0.76	0.00550895
0.0197	0.77	0.00345482
0.0197	0.78	0.00212346
0.0197	0.79	0.00127916
0.0197	0.8	0.000755222
0.0197	0.81	0.000437008
0.0197	0.82	0.00024784
0.0197	0.83	0.00013776
0.0197	0.84	7.50492e-05
0.0197	0.85	4.00719e-05
0.0197	0.86	2.09704e-05
0.0197	0.87	1.0756e-05
0.0197	0.88	5.40711e-06
0.0197	0.89	2.66414e-06
0.0197	0.9	1.28655e-06
0.0197	0.91	6.0894e-07
0.0197	0.92	2.82488e-07
0.0197	0.93	1.28442e-07
0.0197	0.94	5.72391e-08
0.0197	0.95	2.50012e-08
0.0197	0.96	1.07031e-08
0.0197	0.97	4.47711e-09
0.0197	0.98	1.80453e-09
0.0197	0.99	6.30847e-10
0.0197	1	0


0.0202	0	0
0.0202	0.01	1.83646e-10
0.0202	0.02	4.69989e-10
0.0202	0.03	1.1789e-09
0.0202	0.04	2.89837e-09
0.0202	0.05	6.98417e-09
0.0202	0.06	1.64953e-08
0.0202	0.07	3.81849e-08
0.0202	0.08	8.66379e-08
0.0202	0.09	1.92668e-07
0.0202	0.1	4.19946e-07
0.0202	0.11	8.97145e-07
0.0202	0.12	1.87852e-06
0.0202	0.13	3.85524e-06
0.0202	0.14	7.75481e-06
0.0202	0.15	1.52888e-05
0.0202	0.16	2.95431e-05
0.0202	0.17	5.59528e-05
0.0202	0.18	0.000103865
0.0202	0.19	0.00018897
0.0202	0.2	0.000336974
0.0202	0.21	0.00058895
0.0202	0.22	0.00100887
0.0202	0.23	0.00169382
0.0202	0.24	0.00278724
0.0202	0.25	0.00449522
0.0202	0.26	0.00710554
0.0202	0.27	0.011008
0.0202	0.28	0.0167143
0.0202	0.29	0.0248729
0.0202	0.3	0.0362763
0.0202	0.31	0.0518529
0.0202	0.32	0.0726398
0.0202	0.33	0.0997289
0.0202	0.34	0.134186
0.0202	0.35	0.176942
0.0202	0.36	0.228655
0.0202	0.37	0.28957
0.0202	0.38	0.359368
0.0202	0.39	0.437048
0.0202	0.4	0.520854
0.0202	0.41	0.608256
0.0202	0.42	0.696034
0.0202	0.43	0.78043
0.0202	0.44	0.857399
0.0202	0.45	0.922912
0.0202	0.46	0.973304
0.0202	0.47	1.00561
0.0202	0.48	1.01783
0.0202	0.49	1.00917
0.0202	0.5	0.9801
0.0202	0.51	0.932308
0.0202	0.52	0.868555
0.0202	0.53	0.792399
0.0202	0.54	0.707872
0.0202	0.55	0.619127
0.0202	0.56	0.530103
0.0202	0.57	0.444254
0.0202	0.58	0.36435
0.0202	0.59	0.292371
0.0202	0.6	0.229498
0.0202	0.61	0.176171
0.0202	0.62	0.132211
0.0202	0.63	0.0969636
0.0202	0.64	0.0694655
0.0202	0.65	0.0485861
0.0202	0.66	0.033155
0.0202	0.67	0.0220559
0.0202	0.68	0.0142886
0.0202	0.69	0.00900243
0.0202	0.7	0.00550651
0.0202	0.71	0.00326216
0.0202	0.72	0.0018655
0.0202	0.73	0.00102477
0.0202	0.74	0.000536666
0.0202	0.75	0.000264554
0.0202	0.76	0.000119869
0.0202	0.77	4.73163e-05
0.0202	0.78	1.37064e-05
0.0202	0.79	-5.15574e-08
0.0202	0.8	-4.42443e-06
0.0202	0.81	-4.83428e-06
0.0202	0.82	-3.89314e-06
0.0202	0.83	-2.73426e-06
0.0202	0.84	-1.76576e-06
0.0202	0.85	-1.07354e-06
0.0202	0.86	-6.22271e-07
0.0202	0.87	-3.46478e-07
0.0202	0.88	-1.86215e-07
0.0202	0.89	-9.69242e-08
0.0202	0.9	-4.89729e-08
0.0202	0.91	-2.40624e-08
0.0202	0.92	-1.15121e-08
0.0202	0.93	-5.36848e-09
0.0202	0.94	-2.44218e-09
0.0202	0.95	-1.08446e-09
0.0202	0.96	-4.70324e-10
0.0202	0.97	-1.99303e-10
0.0202	0.98	-8.25513e-11
0.0202	0.99	-3.34315e-11
0.0202	1	0


