0.000	6.063927184e+20
86400000.000	6.064703613e+20
172800000.000	6.065506990e+20
259200000.000	6.066337449e+20
345600000.000	6.067195944e+20
432000000.000	6.068083494e+20
518400000.000	6.069001183e+20
604800000.000	6.069950167e+20
691200000.000	6.070931676e+20
777600000.000	6.071947020e+20
864000000.000	6.072997596e+20
950400000.000	6.074084890e+20
1036800000.000	6.075210488e+20
1123200000.000	6.076376074e+20
1209600000.000	6.077583447e+20
1296000000.000	6.078834518e+20
1382400000.000	6.080131323e+20
1468800000.000	6.081476026e+20
1555200000.000	6.082870924e+20
1641600000.000	6.084318458e+20
1728000000.000	6.085821208e+20
1814400000.000	6.087381903e+20
1900800000.000	6.089003414e+20
1987200000.000	6.090688753e+20
2073600000.000	6.092441058e+20
2160000000.000	6.094263581e+20
2246400000.000	6.096159651e+20
2332800000.000	6.098132636e+20
2419200000.000	6.100185880e+20
2505600000.000	6.102322611e+20
2592000000.000	6.104545825e+20
2678400000.000	6.106858115e+20
2764800000.000	6.109261452e+20
2851200000.000	6.111756889e+20
2937600000.000	6.114344172e+20
3024000000.000	6.117021244e+20
3110400000.000	6.119783608e+20
3196800000.000	6.122623544e+20
3283200000.000	6.125529167e+20
3369600000.000	6.128483327e+20
3456000000.000	6.131462436e+20
3542400000.000	6.134435297e+20
3628800000.000	6.137362164e+20
3715200000.000	6.140194330e+20
3801600000.000	6.142874640e+20
3888000000.000	6.145339385e+20
3974400000.000	6.147521912e+20
4060800000.000	6.149358015e+20
4147200000.000	6.150792634e+20
4233600000.000	6.151786802e+20
4320000000.000	6.152323362e+20
4406400000.000	6.152409963e+20
4492800000.000	6.152078533e+20
4579200000.000	6.151381340e+20
4665600000.000	6.150384751e+20
4752000000.000	6.149162213e+20
4838400000.000	6.147787889e+20
4924800000.000	6.146331838e+20
5011200000.000	6.144857044e+20
5097600000.000	6.143418137e+20
5184000000.000	6.142061377e+20
5270400000.000	6.140825477e+20
5356800000.000	6.139742871e+20
5443200000.000	6.138841144e+20
5529600000.000	6.138144483e+20
5616000000.000	6.137675038e+20
5702400000.000	6.137454191e+20
5788800000.000	6.137503743e+20
5875200000.000	6.137847071e+20
5961600000.000	6.138510326e+20
6048000000.000	6.139523760e+20
6134400000.000	6.140923332e+20
6220800000.000	6.142752749e+20
6307200000.000	6.145066260e+20
6393600000.000	6.147932583e+20
6480000000.000	6.151440703e+20
6566400000.000	6.155708689e+20
6652800000.000	6.160897635e+20
6739200000.000	6.167234644e+20
6825600000.000	6.175052565e+20
6912000000.000	6.184862810e+20
6998400000.000	6.197498283e+20
7084800000.000	6.214417291e+20
7171200000.000	6.238403340e+20
7257600000.000	6.275146536e+20
7344000000.000	6.332578699e+20
7430400000.000	6.356628492e+20
7516800000.000	6.286581063e+20
7603200000.000	6.234828637e+20
7689600000.000	6.204356990e+20
7776000000.000	6.185103856e+20
7862400000.000	6.172211632e+20
7948800000.000	6.163224973e+20
8035200000.000	6.156734001e+20
8121600000.000	6.151856572e+20
8208000000.000	6.148021692e+20
8294400000.000	6.144858471e+20
8380800000.000	6.142128148e+20
8467200000.000	6.139679532e+20
8553600000.000	6.137419494e+20
8640000000.000	6.135293261e+20
8726400000.000	6.133271086e+20
8812800000.000	6.131339091e+20
8899200000.000	6.129492960e+20
8985600000.000	6.127733645e+20
9072000000.000	6.126064545e+20
9158400000.000	6.124489728e+20
9244800000.000	6.123012915e+20
9331200000.000	6.121636959e+20
9417600000.000	6.120363650e+20
9504000000.000	6.119193725e+20
9590400000.000	6.118126965e+20
9676800000.000	6.117162351e+20
9763200000.000	6.116298225e+20
9849600000.000	6.115532437e+20
9936000000.000	6.114862479e+20
10022400000.000	6.114285587e+20
10108800000.000	6.113798829e+20
10195200000.000	6.113399161e+20
10281600000.000	6.113083481e+20
10368000000.000	6.112848649e+20
10454400000.000	6.112691513e+20
10540800000.000	6.112608916e+20
10627200000.000	6.112597701e+20
10713600000.000	6.112654712e+20
10800000000.000	6.112776795e+20
10886400000.000	6.112960796e+20
10972800000.000	6.113203567e+20
11059200000.000	6.113501969e+20
11145600000.000	6.113852884e+20
11232000000.000	6.114253233e+20
11318400000.000	6.114700003e+20
11404800000.000	6.115190276e+20
11491200000.000	6.115721275e+20
11577600000.000	6.116290410e+20
11664000000.000	6.116895334e+20
11750400000.000	6.117534015e+20
11836800000.000	6.118204798e+20
11923200000.000	6.118906485e+20
12009600000.000	6.119638410e+20
12096000000.000	6.120400520e+20
12182400000.000	6.121193449e+20
12268800000.000	6.122018596e+20
12355200000.000	6.122878203e+20
12441600000.000	6.123775420e+20
12528000000.000	6.124714389e+20
12614400000.000	6.125700311e+20
12700800000.000	6.126739539e+20
12787200000.000	6.127839672e+20
12873600000.000	6.129009676e+20
12960000000.000	6.130260032e+20
13046400000.000	6.131602927e+20
13132800000.000	6.133052495e+20
13219200000.000	6.134625134e+20
13305600000.000	6.136339921e+20
13392000000.000	6.138219177e+20
13478400000.000	6.140289235e+20
13564800000.000	6.142581552e+20
13651200000.000	6.145134328e+20
13737600000.000	6.147994911e+20
13824000000.000	6.151223452e+20
13910400000.000	6.154898500e+20
13996800000.000	6.159125798e+20
14083200000.000	6.164052615e+20
14169600000.000	6.169892231e+20
14256000000.000	6.176968498e+20
14342400000.000	6.185803635e+20
14428800000.000	6.197310184e+20
14515200000.000	6.213275409e+20
14601600000.000	6.237876378e+20
14688000000.000	6.284549693e+20
14774400000.000	6.455351126e+20
14860800000.000	6.361516552e+20
14947200000.000	6.265989777e+20
15033600000.000	6.230772215e+20
15120000000.000	6.211289227e+20
15206400000.000	6.198718099e+20
15292800000.000	6.189943486e+20
15379200000.000	6.183542026e+20
15465600000.000	6.178758862e+20
15552000000.000	6.175153231e+20
15638400000.000	6.172450451e+20
15724800000.000	6.170471785e+20
15811200000.000	6.169098064e+20
15897600000.000	6.168249563e+20
15984000000.000	6.167874345e+20
16070400000.000	6.167941342e+20
16156800000.000	6.168436247e+20
16243200000.000	6.169359147e+20
16329600000.000	6.170723280e+20
16416000000.000	6.172554523e+20
16502400000.000	6.174891284e+20
16588800000.000	6.177784523e+20
16675200000.000	6.181297558e+20
16761600000.000	6.185505171e+20
16848000000.000	6.190491229e+20
16934400000.000	6.196343422e+20
17020800000.000	6.203142607e+20
17107200000.000	6.210942314e+20
17193600000.000	6.219731622e+20
17280000000.000	6.229373713e+20
17366400000.000	6.239520177e+20
17452800000.000	6.249531837e+20
17539200000.000	6.258496664e+20
17625600000.000	6.265464903e+20
17712000000.000	6.269876177e+20
17798400000.000	6.271868736e+20
17884800000.000	6.272173549e+20
17971200000.000	6.271722598e+20
18057600000.000	6.271324465e+20
18144000000.000	6.271554575e+20
18230400000.000	6.272789753e+20
18316800000.000	6.275287175e+20
18403200000.000	6.279259085e+20
18489600000.000	6.284934841e+20
18576000000.000	6.292619154e+20
18662400000.000	6.302762574e+20
18748800000.000	6.316067621e+20
18835200000.000	6.333663835e+20
18921600000.000	6.357362125e+20
19008000000.000	6.389601792e+20
19094400000.000	6.429441141e+20
19180800000.000	6.452530791e+20
19267200000.000	6.430345263e+20
19353600000.000	6.397376509e+20
19440000000.000	6.373974991e+20
19526400000.000	6.359780427e+20
19612800000.000	6.352324064e+20
19699200000.000	6.350021929e+20
19785600000.000	6.352086675e+20
19872000000.000	6.358299766e+20
19958400000.000	6.368922775e+20
20044800000.000	6.384753107e+20
20131200000.000	6.407363193e+20
20217600000.000	6.439669369e+20
20304000000.000	6.487166634e+20
20390400000.000	6.559779094e+20
20476800000.000	6.661023052e+20
20563200000.000	6.679621140e+20
20649600000.000	6.568895042e+20
20736000000.000	6.485066546e+20
20822400000.000	6.433350653e+20
20908800000.000	6.400372443e+20
20995200000.000	6.379043536e+20
21081600000.000	6.365785133e+20
21168000000.000	6.358452837e+20
21254400000.000	6.355746944e+20
21340800000.000	6.357114931e+20
21427200000.000	6.362729267e+20
21513600000.000	6.373802070e+20
21600000000.000	6.393846424e+20
21686400000.000	6.434442188e+20
21772800000.000	6.573650385e+20
21859200000.000	6.534446808e+20
21945600000.000	6.422997621e+20
22032000000.000	6.383625376e+20
22118400000.000	6.361658770e+20
22204800000.000	6.347245550e+20
22291200000.000	6.337009488e+20
22377600000.000	6.329436796e+20
22464000000.000	6.323742553e+20
22550400000.000	6.319487907e+20
22636800000.000	6.316425240e+20
22723200000.000	6.314429671e+20
22809600000.000	6.313470221e+20
22896000000.000	6.313604490e+20
22982400000.000	6.314994012e+20
23068800000.000	6.317948027e+20
23155200000.000	6.323021342e+20
23241600000.000	6.331239182e+20
23328000000.000	6.344682684e+20
23414400000.000	6.368386390e+20
23500800000.000	6.419467115e+20
23587200000.000	6.640589730e+20
23673600000.000	6.442114843e+20
23760000000.000	6.353792783e+20
23846400000.000	6.317021226e+20
23932800000.000	6.295805805e+20
24019200000.000	6.282217589e+20
24105600000.000	6.273486173e+20
24192000000.000	6.268181902e+20
24278400000.000	6.265159900e+20
24364800000.000	6.263566632e+20
24451200000.000	6.262931548e+20
24537600000.000	6.263065966e+20
24624000000.000	6.263962078e+20
24710400000.000	6.265761543e+20
24796800000.000	6.268793847e+20
24883200000.000	6.273709443e+20
24969600000.000	6.281813214e+20
25056000000.000	6.295970717e+20
25142400000.000	6.323887020e+20
25228800000.000	6.401003774e+20
25315200000.000	6.526980050e+20
25401600000.000	6.360766772e+20
25488000000.000	6.320654486e+20
25574400000.000	6.301042536e+20
25660800000.000	6.289376903e+20
25747200000.000	6.281758331e+20
25833600000.000	6.276522347e+20
25920000000.000	6.272827780e+20
26006400000.000	6.270202363e+20
26092800000.000	6.268361303e+20
26179200000.000	6.267123921e+20
26265600000.000	6.266371404e+20
26352000000.000	6.266023785e+20
26438400000.000	6.266026693e+20
26524800000.000	6.266343418e+20
26611200000.000	6.266950037e+20
26697600000.000	6.267832379e+20
26784000000.000	6.268984206e+20
26870400000.000	6.270406203e+20
26956800000.000	6.272105613e+20
27043200000.000	6.274096441e+20
27129600000.000	6.276400236e+20
27216000000.000	6.279047588e+20
27302400000.000	6.282080605e+20
27388800000.000	6.285556856e+20
27475200000.000	6.289555663e+20
27561600000.000	6.294188428e+20
27648000000.000	6.299616221e+20
27734400000.000	6.306081473e+20
27820800000.000	6.313969277e+20
27907200000.000	6.323937743e+20
27993600000.000	6.337233711e+20
28080000000.000	6.356618433e+20
28166400000.000	6.390098927e+20
28252800000.000	6.481824153e+20
28339200000.000	7.958110992e+20
28425600000.000	7.960599150e+20
28512000000.000	7.963185927e+20
28598400000.000	7.965914111e+20
28684800000.000	7.968816781e+20
28771200000.000	7.971921346e+20
28857600000.000	7.975252925e+20
28944000000.000	7.978836709e+20
29030400000.000	7.982699634e+20
29116800000.000	7.986871707e+20
29203200000.000	7.991387204e+20
29289600000.000	7.996285923e+20
29376000000.000	8.001614596e+20
29462400000.000	8.007428561e+20
29548800000.000	8.013793787e+20
29635200000.000	8.020789310e+20
29721600000.000	8.028510104e+20
29808000000.000	8.037070237e+20
29894400000.000	8.046605806e+20
29980800000.000	8.057276342e+20
30067200000.000	8.069261563e+20
30153600000.000	8.082747118e+20
30240000000.000	8.097888410e+20
30326400000.000	8.114743218e+20
30412800000.000	8.133207099e+20
30499200000.000	8.153186662e+20
30585600000.000	8.175912102e+20
30672000000.000	8.210595303e+20
30758400000.000	8.376308529e+20
30844800000.000	8.272309760e+20
30931200000.000	8.217147279e+20
31017600000.000	8.194659730e+20
31104000000.000	8.176355794e+20
31190400000.000	8.162105798e+20
31276800000.000	8.153173675e+20
31363200000.000	8.149666447e+20
31449600000.000	8.151870357e+20
31536000000.000	8.161294740e+20
31622400000.000	8.182524308e+20
31708800000.000	8.230209338e+20
31795200000.000	8.338421315e+20
31881600000.000	8.252474264e+20
31968000000.000	8.174308747e+20
32054400000.000	8.136786035e+20
32140800000.000	8.114456485e+20
32227200000.000	8.099609225e+20
32313600000.000	8.089223258e+20
32400000000.000	8.081876065e+20
32486400000.000	8.076820424e+20
32572800000.000	8.073643275e+20
32659200000.000	8.072120511e+20
32745600000.000	8.072150504e+20
32832000000.000	8.073725042e+20
32918400000.000	8.076922390e+20
33004800000.000	8.081918462e+20
33091200000.000	8.089019771e+20
33177600000.000	8.098731647e+20
33264000000.000	8.111894763e+20
33350400000.000	8.129969362e+20
33436800000.000	8.155655699e+20
33523200000.000	8.194124358e+20
33609600000.000	8.251390865e+20
33696000000.000	8.283026154e+20
33782400000.000	8.229126563e+20
33868800000.000	8.186284439e+20
33955200000.000	8.168228468e+20
34041600000.000	8.170923408e+20
34128000000.000	8.203197532e+20
34214400000.000	8.313222865e+20
34300800000.000	8.262542250e+20
34387200000.000	8.172602371e+20
34473600000.000	8.132962646e+20
34560000000.000	8.110393171e+20
34646400000.000	8.095678824e+20
34732800000.000	8.085307494e+20
34819200000.000	8.077623934e+20
34905600000.000	8.071734845e+20
34992000000.000	8.067109618e+20
35078400000.000	8.063408998e+20
35164800000.000	8.060402713e+20
35251200000.000	8.057926436e+20
35337600000.000	8.055857852e+20
35424000000.000	8.054102722e+20
35510400000.000	8.052586522e+20
35596800000.000	8.051249334e+20
35683200000.000	8.050042697e+20
35769600000.000	8.048927668e+20
35856000000.000	8.047873582e+20
35942400000.000	8.046857220e+20
36028800000.000	8.045862132e+20
36115200000.000	8.044878008e+20
36201600000.000	8.043899984e+20
36288000000.000	8.042927868e+20
36374400000.000	8.041965271e+20
36460800000.000	8.041018674e+20
36547200000.000	8.040096417e+20
36633600000.000	8.039207574e+20
36720000000.000	8.038360506e+20
36806400000.000	8.037560442e+20
36892800000.000	8.036804072e+20
36979200000.000	8.036066547e+20
37065600000.000	8.035309570e+20
37152000000.000	8.034990113e+20
37238400000.000	8.035719001e+20
37324800000.000	8.036086604e+20
37411200000.000	8.036124898e+20
37497600000.000	8.036103903e+20
37584000000.000	8.036108509e+20
37670400000.000	8.036156613e+20
37756800000.000	8.036242368e+20
37843200000.000	8.036348803e+20
37929600000.000	8.036452258e+20
38016000000.000	8.036524873e+20
38102400000.000	8.036537039e+20
38188800000.000	8.036460451e+20
38275200000.000	8.036271833e+20
38361600000.000	8.035956980e+20
38448000000.000	8.035514401e+20
38534400000.000	8.034957783e+20
38620800000.000	8.034316654e+20
38707200000.000	8.033635108e+20
38793600000.000	8.032969063e+20
38880000000.000	8.032382905e+20
38966400000.000	8.031946538e+20
39052800000.000	8.031733671e+20
39139200000.000	8.031821908e+20
39225600000.000	8.032295028e+20
39312000000.000	8.033247846e+20
39398400000.000	8.034794455e+20
39484800000.000	8.037081555e+20
39571200000.000	8.040310514e+20
39657600000.000	8.044776041e+20
39744000000.000	8.050939572e+20
39830400000.000	8.059583221e+20
39916800000.000	8.072178327e+20
40003200000.000	8.091950674e+20
40089600000.000	8.128055093e+20
40176000000.000	8.226311337e+20
40262400000.000	8.326503070e+20
40348800000.000	8.161474087e+20
40435200000.000	8.117394900e+20
40521600000.000	8.100405061e+20
40608000000.000	8.112941841e+20
40694400000.000	8.189127387e+20
40780800000.000	8.406906617e+20
40867200000.000	8.169918117e+20
40953600000.000	8.108780836e+20
41040000000.000	8.078850597e+20
41126400000.000	8.060873299e+20
41212800000.000	8.048947433e+20
41299200000.000	8.040506552e+20
41385600000.000	8.034223849e+20
41472000000.000	8.029340690e+20
41558400000.000	8.025391568e+20
41644800000.000	8.022074422e+20
41731200000.000	8.019184415e+20
41817600000.000	8.016578434e+20
41904000000.000	8.014155313e+20
41990400000.000	8.011844335e+20
42076800000.000	8.009598017e+20
42163200000.000	8.007387080e+20
42249600000.000	8.005196449e+20
42336000000.000	8.003021803e+20
42422400000.000	8.000866486e+20
42508800000.000	7.998738818e+20
42595200000.000	7.996649854e+20
42681600000.000	7.994611642e+20
42768000000.000	7.992635976e+20
42854400000.000	7.990733596e+20
42940800000.000	7.988913751e+20
43027200000.000	7.987184034e+20
43113600000.000	7.985550412e+20
43200000000.000	7.984017366e+20
43286400000.000	7.982588100e+20
43372800000.000	7.981264770e+20
43459200000.000	7.980048718e+20
43545600000.000	7.978940694e+20
43632000000.000	7.977941049e+20
43718400000.000	7.977049926e+20
43804800000.000	7.976267410e+20
43891200000.000	7.975593689e+20
43977600000.000	7.975029182e+20
44064000000.000	7.974574682e+20
44150400000.000	7.974231493e+20
44236800000.000	7.974001580e+20
44323200000.000	7.973887736e+20
44409600000.000	7.973893785e+20
44496000000.000	7.974024806e+20
44582400000.000	7.974287432e+20
44668800000.000	7.974690192e+20
44755200000.000	7.975243950e+20
44841600000.000	7.975962441e+20
44928000000.000	7.976862921e+20
45014400000.000	7.977966964e+20
45100800000.000	7.979301387e+20
45187200000.000	7.980899329e+20
45273600000.000	7.982801435e+20
45360000000.000	7.985057131e+20
45446400000.000	7.987725938e+20
45532800000.000	7.990878865e+20
45619200000.000	7.994600089e+20
45705600000.000	7.998989387e+20
45792000000.000	8.004166274e+20
45878400000.000	8.010277331e+20
45964800000.000	8.017508936e+20
46051200000.000	8.026108859e+20
46137600000.000	8.036422602e+20
46224000000.000	8.048955561e+20
46310400000.000	8.064482317e+20
46396800000.000	8.084240738e+20
46483200000.000	8.110239400e+20
46569600000.000	8.145309390e+20
46656000000.000	8.188648551e+20
46742400000.000	8.210452605e+20
46828800000.000	8.178985870e+20
46915200000.000	8.139845988e+20
47001600000.000	8.113093099e+20
47088000000.000	8.096729812e+20
47174400000.000	8.087911351e+20
47260800000.000	8.085301731e+20
47347200000.000	8.089017316e+20
47433600000.000	8.101498949e+20
47520000000.000	8.132228357e+20
47606400000.000	8.205577372e+20
47692800000.000	8.555498937e+20
47779200000.000	8.191678301e+20
47865600000.000	8.130836152e+20
47952000000.000	8.102281387e+20
48038400000.000	8.085105313e+20
48124800000.000	8.073620170e+20
48211200000.000	8.065548185e+20
48297600000.000	8.059782546e+20
48384000000.000	8.055723443e+20
48470400000.000	8.053028276e+20
48556800000.000	8.051503455e+20
48643200000.000	8.051054620e+20
48729600000.000	8.051665764e+20
48816000000.000	8.053396944e+20
48902400000.000	8.056399653e+20
48988800000.000	8.060957699e+20
49075200000.000	8.067577198e+20
49161600000.000	8.077191097e+20
49248000000.000	8.091681721e+20
49334400000.000	8.115507431e+20
49420800000.000	8.162744014e+20
49507200000.000	8.304923159e+20
49593600000.000	8.204864967e+20
49680000000.000	8.113536549e+20
49766400000.000	8.078510278e+20
49852800000.000	8.059864668e+20
49939200000.000	8.048429179e+20
50025600000.000	8.040966569e+20
50112000000.000	8.036149514e+20
50198400000.000	8.033673979e+20
50284800000.000	8.034766583e+20
50371200000.000	8.047035285e+20
50457600000.000	8.102315406e+20
50544000000.000	8.358774673e+20
50630400000.000	8.160514054e+20
50716800000.000	8.085904535e+20
50803200000.000	8.052705554e+20
50889600000.000	8.033110738e+20
50976000000.000	8.019829735e+20
51062400000.000	8.010008959e+20
51148800000.000	8.002292140e+20
51235200000.000	7.995969198e+20
51321600000.000	7.990663184e+20
51408000000.000	7.986204054e+20
51494400000.000	7.982580204e+20
51580800000.000	7.979903984e+20
51667200000.000	7.978314616e+20
51753600000.000	7.977818451e+20
51840000000.000	7.978244249e+20
51926400000.000	7.979356827e+20
52012800000.000	7.980951781e+20
52099200000.000	7.982874007e+20
52185600000.000	7.985007033e+20
52272000000.000	7.987262286e+20
52358400000.000	7.989573675e+20
52444800000.000	7.991895921e+20
52531200000.000	7.994204531e+20
52617600000.000	7.996495912e+20
52704000000.000	7.998786933e+20
52790400000.000	8.001113837e+20
52876800000.000	8.003530897e+20
52963200000.000	8.006109447e+20
53049600000.000	8.008938082e+20
53136000000.000	8.012124913e+20
53222400000.000	8.015803033e+20
53308800000.000	8.020141062e+20
53395200000.000	8.025362223e+20
53481600000.000	8.031779187e+20
53568000000.000	8.039861126e+20
53654400000.000	8.050374583e+20
53740800000.000	8.064719853e+20
53827200000.000	8.085901350e+20
53913600000.000	8.122343360e+20
54000000000.000	8.217071678e+20
54086400000.000	8.310242189e+20
54172800000.000	8.157306416e+20
54259200000.000	8.123733494e+20
54345600000.000	8.113363859e+20
54432000000.000	8.115542617e+20
54518400000.000	8.130473758e+20
54604800000.000	8.169103232e+20
54691200000.000	8.317132102e+20
54777600000.000	8.250341925e+20
54864000000.000	8.139213615e+20
54950400000.000	8.097880032e+20
55036800000.000	8.074505188e+20
55123200000.000	8.059376127e+20
55209600000.000	8.049149294e+20
55296000000.000	8.042366802e+20
55382400000.000	8.038343712e+20
55468800000.000	8.036801110e+20
55555200000.000	8.037737865e+20
55641600000.000	8.041410638e+20
55728000000.000	8.048395677e+20
55814400000.000	8.059759130e+20
55900800000.000	8.077423115e+20
55987200000.000	8.104860631e+20
56073600000.000	8.147367713e+20
56160000000.000	8.199562265e+20
56246400000.000	8.211818981e+20
56332800000.000	8.175688179e+20
56419200000.000	8.096009112e+20
56505600000.000	8.027347249e+20
56592000000.000	7.981338337e+20
56678400000.000	7.952922787e+20
56764800000.000	7.940603086e+20
56851200000.000	7.933128669e+20
56937600000.000	7.927092603e+20
57024000000.000	7.921930831e+20
57110400000.000	7.917421540e+20
57196800000.000	7.913432759e+20
57283200000.000	7.909873019e+20
57369600000.000	7.906674679e+20
57456000000.000	7.903785989e+20
57542400000.000	7.901166531e+20
57628800000.000	7.898784299e+20
57715200000.000	7.896613706e+20
57801600000.000	7.894634161e+20
57888000000.000	7.892829021e+20
57974400000.000	7.891184784e+20
58060800000.000	7.889690451e+20
58147200000.000	7.888337000e+20
58233600000.000	7.887116936e+20
58320000000.000	7.886023884e+20
58406400000.000	7.885052206e+20
58492800000.000	7.884196626e+20
58579200000.000	7.883451857e+20
58665600000.000	7.882812222e+20
58752000000.000	7.882271270e+20
58838400000.000	7.881821429e+20
58924800000.000	7.881453708e+20
59011200000.000	7.881157530e+20
59097600000.000	7.880920763e+20
59184000000.000	7.880730073e+20
59270400000.000	7.880571684e+20
59356800000.000	7.880432660e+20
59443200000.000	7.880302750e+20
59529600000.000	7.880176815e+20
59616000000.000	7.880057812e+20
59702400000.000	7.879960428e+20
59788800000.000	7.879915796e+20
59875200000.000	7.879978595e+20
59961600000.000	7.880239949e+20
60048000000.000	7.880855044e+20
60134400000.000	7.882111340e+20
60220800000.000	7.884626732e+20
60307200000.000	7.890065638e+20
60393600000.000	7.904525788e+20
60480000000.000	7.957039495e+20
60566400000.000	8.235209108e+20
60652800000.000	8.010522615e+20
60739200000.000	7.943074473e+20
60825600000.000	7.913468347e+20
60912000000.000	7.896436494e+20
60998400000.000	7.885325055e+20
61084800000.000	7.877533968e+20
61171200000.000	7.871825951e+20
61257600000.000	7.867543985e+20
61344000000.000	7.864321668e+20
61430400000.000	7.861961750e+20
61516800000.000	7.860386648e+20
61603200000.000	7.859629471e+20
61689600000.000	7.859855997e+20
61776000000.000	7.861407721e+20
61862400000.000	7.864828764e+20
61948800000.000	7.870828598e+20
62035200000.000	7.880276723e+20
62121600000.000	7.894513086e+20
62208000000.000	7.916298590e+20
62294400000.000	7.952591731e+20
62380800000.000	8.025862617e+20
62467200000.000	8.154653370e+20
62553600000.000	8.035666415e+20
62640000000.000	7.966643333e+20
62726400000.000	7.931099067e+20
62812800000.000	7.908893729e+20
62899200000.000	7.893511613e+20
62985600000.000	7.882234451e+20
63072000000.000	7.873714672e+20
63158400000.000	7.867201966e+20
63244800000.000	7.862241793e+20
63331200000.000	7.858540101e+20
63417600000.000	7.855896821e+20
63504000000.000	7.854171803e+20
63590400000.000	7.853267802e+20
63676800000.000	7.853123123e+20
63763200000.000	7.853710273e+20
63849600000.000	7.855039234e+20
63936000000.000	7.857165956e+20
64022400000.000	7.860209129e+20
64108800000.000	7.864382639e+20
64195200000.000	7.870061199e+20
64281600000.000	7.877924371e+20
64368000000.000	7.889315238e+20
64454400000.000	7.907325840e+20
64540800000.000	7.941374567e+20
64627200000.000	8.048559711e+20
64713600000.000	8.057373871e+20
64800000000.000	7.941448168e+20
64886400000.000	7.907621452e+20
64972800000.000	7.890755163e+20
65059200000.000	7.880752383e+20
65145600000.000	7.874356072e+20
65232000000.000	7.870158734e+20
65318400000.000	7.867443718e+20
65404800000.000	7.865805887e+20
65491200000.000	7.864999384e+20
65577600000.000	7.864867427e+20
65664000000.000	7.865306352e+20
65750400000.000	7.866245416e+20
65836800000.000	7.867634309e+20
65923200000.000	7.869434381e+20
66009600000.000	7.871611368e+20
66096000000.000	7.874128147e+20
66182400000.000	7.876936442e+20
66268800000.000	7.879966752e+20
66355200000.000	7.883116468e+20
66441600000.000	7.886237685e+20
66528000000.000	7.889129005e+20
66614400000.000	7.891539212e+20
66700800000.000	7.893192422e+20
66787200000.000	7.893838834e+20
66873600000.000	7.893319449e+20
66960000000.000	7.891615596e+20
67046400000.000	7.888854355e+20
67132800000.000	7.885266324e+20
67219200000.000	7.881120876e+20
67305600000.000	7.876670245e+20
67392000000.000	7.872118360e+20
67478400000.000	7.867612892e+20
67564800000.000	7.863251220e+20
67651200000.000	7.859091640e+20
67737600000.000	7.855164682e+20
67824000000.000	7.851482384e+20
67910400000.000	7.848045150e+20
67996800000.000	7.844846487e+20
68083200000.000	7.841876155e+20
68169600000.000	7.839122183e+20
68256000000.000	7.836572138e+20
68342400000.000	7.834213878e+20
68428800000.000	7.832036011e+20
68515200000.000	7.830028134e+20
68601600000.000	7.828180974e+20
68688000000.000	7.826486453e+20
68774400000.000	7.824937721e+20
68860800000.000	7.823529192e+20
68947200000.000	7.822256586e+20
69033600000.000	7.821117006e+20
69120000000.000	7.820109060e+20
69206400000.000	7.819233064e+20
69292800000.000	7.818491349e+20
69379200000.000	7.817888737e+20
69465600000.000	7.817433273e+20
69552000000.000	7.817137366e+20
69638400000.000	7.817019633e+20
69724800000.000	7.817107964e+20
69811200000.000	7.817444906e+20
69897600000.000	7.818097725e+20
69984000000.000	7.819178846e+20
70070400000.000	7.820892183e+20
70156800000.000	7.823655093e+20
70243200000.000	7.828495003e+20
70329600000.000	7.838798690e+20
70416000000.000	7.871268624e+20
70502400000.000	8.037503976e+20
70588800000.000	7.990731512e+20
70675200000.000	7.900549425e+20
70761600000.000	7.865738438e+20
70848000000.000	7.846911377e+20
70934400000.000	7.835085352e+20
71020800000.000	7.827002879e+20
71107200000.000	7.821171200e+20
71193600000.000	7.816803483e+20
71280000000.000	7.813444365e+20
71366400000.000	7.810811990e+20
71452800000.000	7.808722758e+20
71539200000.000	7.807052164e+20
71625600000.000	7.805712953e+20
71712000000.000	7.804642285e+20
71798400000.000	7.803793833e+20
71884800000.000	7.803132742e+20
71971200000.000	7.802632307e+20
72057600000.000	7.802271721e+20
72144000000.000	7.802034502e+20
72230400000.000	7.801907375e+20
72316800000.000	7.801879450e+20
72403200000.000	7.801941604e+20
72489600000.000	7.802086005e+20
72576000000.000	7.802305727e+20
72662400000.000	7.802594441e+20
72748800000.000	7.802946146e+20
72835200000.000	7.803354932e+20
72921600000.000	7.803814773e+20
73008000000.000	7.804319330e+20
73094400000.000	7.804861777e+20
73180800000.000	7.805434644e+20
73267200000.000	7.806029685e+20
73353600000.000	7.806637770e+20
73440000000.000	7.807248835e+20
73526400000.000	7.807851874e+20
73612800000.000	7.808435019e+20
73699200000.000	7.808985691e+20
73785600000.000	7.809490863e+20
73872000000.000	7.809937414e+20
73958400000.000	7.810312584e+20
74044800000.000	7.810604494e+20
74131200000.000	7.810802706e+20
74217600000.000	7.810898773e+20
74304000000.000	7.810886719e+20
74390400000.000	7.810763392e+20
74476800000.000	7.810528660e+20
74563200000.000	7.810185409e+20
74649600000.000	7.809739350e+20
74736000000.000	7.809198660e+20
74822400000.000	7.808573501e+20
74908800000.000	7.807875459e+20
74995200000.000	7.807116983e+20
75081600000.000	7.806310846e+20
75168000000.000	7.805469679e+20
75254400000.000	7.804605597e+20
75340800000.000	7.803729923e+20
75427200000.000	7.802853001e+20
75513600000.000	7.801984104e+20
75600000000.000	7.801131398e+20
75686400000.000	7.800301965e+20
75772800000.000	7.799501864e+20
75859200000.000	7.798736215e+20
75945600000.000	7.798009290e+20
76032000000.000	7.797324623e+20
76118400000.000	7.796685101e+20
76204800000.000	7.796093069e+20
76291200000.000	7.795550413e+20
76377600000.000	7.795058640e+20
76464000000.000	7.794618955e+20
76550400000.000	7.794232318e+20
76636800000.000	7.793899504e+20
76723200000.000	7.793621146e+20
76809600000.000	7.793397781e+20
76896000000.000	7.793229880e+20
76982400000.000	7.793117883e+20
77068800000.000	7.793062223e+20
77155200000.000	7.793063350e+20
77241600000.000	7.793121751e+20
77328000000.000	7.793237968e+20
77414400000.000	7.793412617e+20
77500800000.000	7.793646398e+20
77587200000.000	7.793940116e+20
77673600000.000	7.794294695e+20
77760000000.000	7.794711190e+20
77846400000.000	7.795190806e+20
77932800000.000	7.795734915e+20
78019200000.000	7.796345074e+20
78105600000.000	7.797023047e+20
78192000000.000	7.797770829e+20
78278400000.000	7.798590676e+20
78364800000.000	7.799485134e+20
78451200000.000	7.800457078e+20
78537600000.000	7.801509758e+20
78624000000.000	7.802646848e+20
78710400000.000	7.803872512e+20
78796800000.000	7.805191471e+20
78883200000.000	7.806609095e+20
78969600000.000	7.808131502e+20
79056000000.000	7.809765677e+20
79142400000.000	7.811519620e+20
79228800000.000	7.813402506e+20
79315200000.000	7.815424879e+20
79401600000.000	7.817598876e+20
79488000000.000	7.819938464e+20
79574400000.000	7.822459704e+20
79660800000.000	7.825181003e+20
79747200000.000	7.828123326e+20
79833600000.000	7.831310278e+20
79920000000.000	7.834767922e+20
80006400000.000	7.838524071e+20
80092800000.000	7.842606616e+20
80179200000.000	7.847040130e+20
80265600000.000	7.851839560e+20
80352000000.000	7.856999223e+20
80438400000.000	7.862474782e+20
80524800000.000	7.868155087e+20
80611200000.000	7.873810053e+20
80697600000.000	7.878903906e+20
80784000000.000	7.881653123e+20
80870400000.000	7.931532536e+20
80956800000.000	8.102919280e+20
81043200000.000	8.022648203e+20
81129600000.000	7.962325737e+20
81216000000.000	7.934054577e+20
81302400000.000	7.918361293e+20
81388800000.000	7.909055531e+20
81475200000.000	7.903771144e+20
81561600000.000	7.901459917e+20
81648000000.000	7.901560169e+20
81734400000.000	7.903605791e+20
81820800000.000	7.906934373e+20
81907200000.000	7.910462205e+20
81993600000.000	7.912758017e+20
82080000000.000	7.912658314e+20
82166400000.000	7.909980491e+20
82252800000.000	7.905472989e+20
82339200000.000	7.900142349e+20
82425600000.000	7.894760749e+20
82512000000.000	7.889778215e+20
82598400000.000	7.885416656e+20
82684800000.000	7.881773417e+20
82771200000.000	7.878888079e+20
82857600000.000	7.876776840e+20
82944000000.000	7.875445480e+20
83030400000.000	7.874886914e+20
83116800000.000	7.875062927e+20
83203200000.000	7.875863411e+20
83289600000.000	7.877031413e+20
83376000000.000	7.878047087e+20
83462400000.000	7.878005175e+20
83548800000.000	7.875634966e+20
83635200000.000	7.869716022e+20
83721600000.000	7.859860982e+20
83808000000.000	7.846939492e+20
83894400000.000	7.832560669e+20
83980800000.000	7.818215315e+20
84067200000.000	7.804891161e+20
84153600000.000	7.793198266e+20
84240000000.000	7.783568135e+20
84326400000.000	7.776005222e+20
84412800000.000	7.770244200e+20
84499200000.000	7.766048344e+20
84585600000.000	7.763125745e+20
84672000000.000	7.761139669e+20
84758400000.000	7.759793955e+20
84844800000.000	7.758876139e+20
84931200000.000	7.758249942e+20
85017600000.000	7.757832068e+20
85104000000.000	7.757572365e+20
85190400000.000	7.757440735e+20
85276800000.000	7.757419227e+20
85363200000.000	7.757497396e+20
85449600000.000	7.757669567e+20
85536000000.000	7.757933207e+20
85622400000.000	7.758287950e+20
85708800000.000	7.758735004e+20
85795200000.000	7.759276800e+20
85881600000.000	7.759916779e+20
85968000000.000	7.760659292e+20
86054400000.000	7.761509557e+20
86140800000.000	7.762473672e+20
86227200000.000	7.763558674e+20
86313600000.000	7.764772638e+20
86400000000.000	7.766124809e+20
86486400000.000	7.767625790e+20
86572800000.000	7.769287777e+20
86659200000.000	7.771124863e+20
86745600000.000	7.773153422e+20
86832000000.000	7.775392603e+20
86918400000.000	7.777864967e+20
87004800000.000	7.780597320e+20
87091200000.000	7.783621805e+20
87177600000.000	7.786977373e+20
87264000000.000	7.790711779e+20
87350400000.000	7.794884360e+20
87436800000.000	7.799569965e+20
87523200000.000	7.804864685e+20
87609600000.000	7.810894412e+20
87696000000.000	7.817828101e+20
87782400000.000	7.825899084e+20
87868800000.000	7.835440959e+20
87955200000.000	7.846951344e+20
88041600000.000	7.861212421e+20
88128000000.000	7.879535128e+20
88214400000.000	7.904282451e+20
88300800000.000	7.939900727e+20
88387200000.000	7.992007279e+20
88473600000.000	8.030228664e+20
88560000000.000	8.000061845e+20
88646400000.000	7.979319991e+20
88732800000.000	7.992682575e+20
88819200000.000	8.096454271e+20
88905600000.000	8.062423102e+20
88992000000.000	7.948112108e+20
89078400000.000	7.902676345e+20
89164800000.000	7.874770062e+20
89251200000.000	7.854863434e+20
89337600000.000	7.839521209e+20
89424000000.000	7.827118167e+20
89510400000.000	7.816757341e+20
89596800000.000	7.807891677e+20
89683200000.000	7.800163286e+20
89769600000.000	7.793325535e+20
89856000000.000	7.787201517e+20
89942400000.000	7.781660248e+20
90028800000.000	7.776602230e+20
90115200000.000	7.771950280e+20
90201600000.000	7.767643486e+20
90288000000.000	7.763633088e+20
90374400000.000	7.759879595e+20
90460800000.000	7.756350726e+20
90547200000.000	7.753019894e+20
90633600000.000	7.749865077e+20
90720000000.000	7.746867964e+20
90806400000.000	7.744013289e+20
90892800000.000	7.741288306e+20
90979200000.000	7.738682378e+20
91065600000.000	7.736186637e+20
91152000000.000	7.733793700e+20
91238400000.000	7.731497449e+20
91324800000.000	7.729292825e+20
91411200000.000	7.727175670e+20
91497600000.000	7.725142585e+20
91584000000.000	7.723190807e+20
91670400000.000	7.721318107e+20
91756800000.000	7.719522704e+20
91843200000.000	7.717803185e+20
91929600000.000	7.716158444e+20
92016000000.000	7.714587628e+20
92102400000.000	7.713090094e+20
92188800000.000	7.711665369e+20
92275200000.000	7.710313126e+20
92361600000.000	7.709033157e+20
92448000000.000	7.707825358e+20
92534400000.000	7.706689717e+20
92620800000.000	7.705626301e+20
92707200000.000	7.704635254e+20
92793600000.000	7.703716789e+20
92880000000.000	7.702871188e+20
92966400000.000	7.702098792e+20
93052800000.000	7.701399999e+20
93139200000.000	7.700775256e+20
93225600000.000	7.700225038e+20
93312000000.000	7.699749831e+20
93398400000.000	7.699350098e+20
93484800000.000	7.699026227e+20
93571200000.000	7.698778468e+20
93657600000.000	7.698606840e+20
93744000000.000	7.698511002e+20
93830400000.000	7.698490093e+20
93916800000.000	7.698542513e+20
94003200000.000	7.698665652e+20
94089600000.000	7.698855553e+20
94176000000.000	7.699106506e+20
94262400000.000	7.699410591e+20
94348800000.000	7.699757189e+20
94435200000.000	7.700132523e+20
94521600000.000	7.700519322e+20
94608000000.000	7.700896731e+20
94694400000.000	7.701240653e+20
94780800000.000	7.701524673e+20
94867200000.000	7.701721691e+20
94953600000.000	7.701806218e+20
95040000000.000	7.701757103e+20
95126400000.000	7.701560225e+20
95212800000.000	7.701210534e+20
95299200000.000	7.700712934e+20
95385600000.000	7.700081716e+20
95472000000.000	7.699338720e+20
95558400000.000	7.698510656e+20
95644800000.000	7.697626245e+20
95731200000.000	7.696713686e+20
95817600000.000	7.695798808e+20
95904000000.000	7.694903976e+20
95990400000.000	7.694047685e+20
96076800000.000	7.693244662e+20
96163200000.000	7.692506297e+20
96249600000.000	7.691841270e+20
96336000000.000	7.691256248e+20
96422400000.000	7.690756644e+20
96508800000.000	7.690347402e+20
96595200000.000	7.690033873e+20
96681600000.000	7.689822860e+20
96768000000.000	7.689723951e+20
96854400000.000	7.689751315e+20
96940800000.000	7.689926161e+20
97027200000.000	7.690279961e+20
97113600000.000	7.690858166e+20
97200000000.000	7.691723270e+20
97286400000.000	7.692954790e+20
97372800000.000	7.694643948e+20
97459200000.000	7.696885132e+20
97545600000.000	7.699772735e+20
97632000000.000	7.703411715e+20
97718400000.000	7.707942328e+20
97804800000.000	7.713576348e+20
97891200000.000	7.720649619e+20
97977600000.000	7.729710117e+20
98064000000.000	7.741684604e+20
98150400000.000	7.758214469e+20
98236800000.000	7.782301675e+20
98323200000.000	7.818724383e+20
98409600000.000	7.864323971e+20
98496000000.000	7.872209642e+20
98582400000.000	7.841898162e+20
98668800000.000	7.815559880e+20
98755200000.000	7.797549641e+20
98841600000.000	7.784929356e+20
98928000000.000	7.775618192e+20
99014400000.000	7.768422276e+20
99100800000.000	7.762645651e+20
99187200000.000	7.757863636e+20
99273600000.000	7.753805005e+20
99360000000.000	7.750289487e+20
99446400000.000	7.747193131e+20
99532800000.000	7.744428227e+20
99619200000.000	7.741931168e+20
99705600000.000	7.739654842e+20
99792000000.000	7.737563698e+20
99878400000.000	7.735630467e+20
99964800000.000	7.733833922e+20
100051200000.000	7.732157314e+20
100137600000.000	7.730587269e+20
100224000000.000	7.729112984e+20
100310400000.000	7.727725644e+20
100396800000.000	7.726417989e+20
100483200000.000	7.725183985e+20
100569600000.000	7.724018585e+20
100656000000.000	7.722917532e+20
100742400000.000	7.721877219e+20
100828800000.000	7.720894575e+20
100915200000.000	7.719966975e+20
101001600000.000	7.719092167e+20
101088000000.000	7.718268222e+20
101174400000.000	7.717493481e+20
101260800000.000	7.716766523e+20
101347200000.000	7.716086132e+20
101433600000.000	7.715451270e+20
101520000000.000	7.714861054e+20
101606400000.000	7.714314740e+20
101692800000.000	7.713811699e+20
101779200000.000	7.713351403e+20
101865600000.000	7.712933408e+20
101952000000.000	7.712557336e+20
102038400000.000	7.712222858e+20
102124800000.000	7.711929678e+20
102211200000.000	7.711677507e+20
102297600000.000	7.711466050e+20
102384000000.000	7.711294977e+20
102470400000.000	7.711163897e+20
102556800000.000	7.711072338e+20
102643200000.000	7.711019709e+20
102729600000.000	7.711005278e+20
102816000000.000	7.711028139e+20
102902400000.000	7.711087181e+20
102988800000.000	7.711181062e+20
103075200000.000	7.711308192e+20
103161600000.000	7.711466710e+20
103248000000.000	7.711654490e+20
103334400000.000	7.711869140e+20
103420800000.000	7.712108041e+20
103507200000.000	7.712368385e+20
103593600000.000	7.712647245e+20
103680000000.000	7.712941672e+20
103766400000.000	7.713248799e+20
103852800000.000	7.713565975e+20
103939200000.000	7.713890898e+20
104025600000.000	7.714221760e+20
104112000000.000	7.714557376e+20
104198400000.000	7.714897303e+20
104284800000.000	7.715241930e+20
104371200000.000	7.715592539e+20
104457600000.000	7.715951346e+20
104544000000.000	7.716321508e+20
104630400000.000	7.716707132e+20
104716800000.000	7.717113280e+20
104803200000.000	7.717546008e+20
104889600000.000	7.718012457e+20
104976000000.000	7.718521035e+20
105062400000.000	7.719081719e+20
105148800000.000	7.719706547e+20
105235200000.000	7.720410354e+20
105321600000.000	7.721211863e+20
105408000000.000	7.722135274e+20
105494400000.000	7.723212574e+20
105580800000.000	7.724486896e+20
105667200000.000	7.726017410e+20
105753600000.000	7.727886510e+20
105840000000.000	7.730210425e+20
105926400000.000	7.733155095e+20
106012800000.000	7.736960662e+20
106099200000.000	7.741981769e+20
106185600000.000	7.748761679e+20
106272000000.000	7.758190122e+20
106358400000.000	7.771898105e+20
106444800000.000	7.793460424e+20
106531200000.000	7.833486706e+20
106617600000.000	7.958621160e+20
106704000000.000	7.930751961e+20
106790400000.000	7.819777919e+20
106876800000.000	7.780863556e+20
106963200000.000	7.759113213e+20
107049600000.000	7.745006329e+20
107136000000.000	7.735455015e+20
107222400000.000	7.729261513e+20
107308800000.000	7.725732425e+20
107395200000.000	7.724058343e+20
107481600000.000	7.723497186e+20
107568000000.000	7.723614052e+20
107654400000.000	7.724212332e+20
107740800000.000	7.725223828e+20
107827200000.000	7.726651833e+20
107913600000.000	7.728551203e+20
108000000000.000	7.731029743e+20
108086400000.000	7.734267755e+20
108172800000.000	7.738564455e+20
108259200000.000	7.744440732e+20
108345600000.000	7.752886580e+20
108432000000.000	7.766063740e+20
108518400000.000	7.789937125e+20
108604800000.000	7.851630257e+20
108691200000.000	8.060782908e+20
108777600000.000	7.832549953e+20
108864000000.000	7.789908678e+20
108950400000.000	7.769310953e+20
109036800000.000	7.756726888e+20
109123200000.000	7.748117434e+20
109209600000.000	7.741825948e+20
109296000000.000	7.737032540e+20
109382400000.000	7.733279489e+20
109468800000.000	7.730287911e+20
109555200000.000	7.727875872e+20
109641600000.000	7.725918277e+20
109728000000.000	7.724325796e+20
109814400000.000	7.723032922e+20
109900800000.000	7.721990657e+20
109987200000.000	7.721161743e+20
110073600000.000	7.720517433e+20
110160000000.000	7.720035262e+20
110246400000.000	7.719697479e+20
110332800000.000	7.719489928e+20
110419200000.000	7.719401245e+20
110505600000.000	7.719422258e+20
110592000000.000	7.719545557e+20
110678400000.000	7.719765158e+20
110764800000.000	7.720076255e+20
110851200000.000	7.720475031e+20
110937600000.000	7.720958511e+20
111024000000.000	7.721524450e+20
111110400000.000	7.722171245e+20
111196800000.000	7.722897875e+20
111283200000.000	7.723703852e+20
111369600000.000	7.724589183e+20
111456000000.000	7.725554357e+20
111542400000.000	7.726600327e+20
111628800000.000	7.727728515e+20
111715200000.000	7.728940823e+20
111801600000.000	7.730239646e+20
111888000000.000	7.731627910e+20
111974400000.000	7.733109114e+20
112060800000.000	7.734687383e+20
112147200000.000	7.736367543e+20
112233600000.000	7.738155215e+20
112320000000.000	7.740056929e+20
112406400000.000	7.742080273e+20
112492800000.000	7.744234083e+20
112579200000.000	7.746528676e+20
112665600000.000	7.748976159e+20
112752000000.000	7.751590828e+20
112838400000.000	7.754389684e+20
112924800000.000	7.757393129e+20
113011200000.000	7.760625897e+20
113097600000.000	7.764118334e+20
113184000000.000	7.767908191e+20
113270400000.000	7.772043184e+20
113356800000.000	7.776584749e+20
113443200000.000	7.781613714e+20
113529600000.000	7.787239165e+20
113616000000.000	7.793612889e+20
113702400000.000	7.800954109e+20
113788800000.000	7.809594554e+20
113875200000.000	7.820067355e+20
113961600000.000	7.833301798e+20
114048000000.000	7.851117431e+20
114134400000.000	7.877791624e+20
114220800000.000	7.927478242e+20
114307200000.000	8.144984609e+20
114393600000.000	9.495568546e+20
114480000000.000	9.496965107e+20
114566400000.000	9.498416879e+20
114652800000.000	9.499920724e+20
114739200000.000	9.501467218e+20
114825600000.000	9.503035976e+20
114912000000.000	9.504591196e+20
114998400000.000	9.506082022e+20
115084800000.000	9.507453555e+20
115171200000.000	9.508667514e+20
115257600000.000	9.509718756e+20
115344000000.000	9.510633457e+20
115430400000.000	9.511452550e+20
115516800000.000	9.512215522e+20
115603200000.000	9.512952978e+20
115689600000.000	9.513686416e+20
115776000000.000	9.514430918e+20
115862400000.000	9.515198049e+20
115948800000.000	9.515998070e+20
116035200000.000	9.516841468e+20
116121600000.000	9.517740012e+20
116208000000.000	9.518707584e+20
116294400000.000	9.519760972e+20
116380800000.000	9.520920772e+20
116467200000.000	9.522212560e+20
116553600000.000	9.523668526e+20
116640000000.000	9.525329882e+20
116726400000.000	9.527250617e+20
116812800000.000	9.529503728e+20
116899200000.000	9.532192484e+20
116985600000.000	9.535473144e+20
117072000000.000	9.539607679e+20
117158400000.000	9.545108204e+20
117244800000.000	9.553183121e+20
117331200000.000	9.566798529e+20
117417600000.000	9.590906546e+20
117504000000.000	9.633429910e+20
117590400000.000	9.728859512e+20
117676800000.000	1.137199992e+21
117763200000.000	1.143968514e+21
117849600000.000	1.174398712e+21
117936000000.000	1.140902133e+21
118022400000.000	1.135620754e+21
118108800000.000	1.133065988e+21
118195200000.000	1.131524380e+21
118281600000.000	1.130495608e+21
118368000000.000	1.129763934e+21
118454400000.000	1.129217755e+21
118540800000.000	1.128793730e+21
118627200000.000	1.128451732e+21
118713600000.000	1.128159882e+21
118800000000.000	1.127886763e+21
118886400000.000	1.127608596e+21
118972800000.000	1.127385383e+21
119059200000.000	1.127733731e+21
119145600000.000	1.129516222e+21
119232000000.000	1.131946698e+21
119318400000.000	1.133842302e+21
119404800000.000	1.134756481e+21
119491200000.000	1.134911862e+21
119577600000.000	1.134704519e+21
119664000000.000	1.134399924e+21
119750400000.000	1.134122367e+21
119836800000.000	1.133914816e+21
119923200000.000	1.133780196e+21
120009600000.000	1.133701866e+21
120096000000.000	1.133654029e+21
120182400000.000	1.133608861e+21
120268800000.000	1.133542645e+21
120355200000.000	1.133440067e+21
120441600000.000	1.133294715e+21
120528000000.000	1.133104836e+21
120614400000.000	1.132865876e+21
120700800000.000	1.132567261e+21
120787200000.000	1.132206699e+21
120873600000.000	1.131811051e+21
120960000000.000	1.131424239e+21
121046400000.000	1.131077597e+21
121132800000.000	1.130782768e+21
121219200000.000	1.130539893e+21
121305600000.000	1.130344870e+21
121392000000.000	1.130192757e+21
121478400000.000	1.130078991e+21
121564800000.000	1.129999704e+21
121651200000.000	1.129951736e+21
121737600000.000	1.129932576e+21
121824000000.000	1.129940306e+21
121910400000.000	1.129973580e+21
121996800000.000	1.130031628e+21
122083200000.000	1.130114234e+21
122169600000.000	1.130221654e+21
122256000000.000	1.130354360e+21
122342400000.000	1.130512577e+21
122428800000.000	1.130695605e+21
122515200000.000	1.130901235e+21
122601600000.000	1.131126138e+21
122688000000.000	1.131368544e+21
122774400000.000	1.131632666e+21
122860800000.000	1.131930752e+21
122947200000.000	1.132280062e+21
123033600000.000	1.132698643e+21
123120000000.000	1.133204563e+21
123206400000.000	1.133818735e+21
123292800000.000	1.134570023e+21
123379200000.000	1.135503407e+21
123465600000.000	1.136695812e+21
123552000000.000	1.138293739e+21
123638400000.000	1.140624998e+21
123724800000.000	1.144666076e+21
123811200000.000	1.156447605e+21
123897600000.000	1.155683468e+21
123984000000.000	1.145742769e+21
124070400000.000	1.142637894e+21
124156800000.000	1.141163387e+21
124243200000.000	1.140416713e+21
124329600000.000	1.140091544e+21
124416000000.000	1.140051425e+21
124502400000.000	1.140224973e+21
124588800000.000	1.140570053e+21
124675200000.000	1.141059234e+21
124761600000.000	1.141674275e+21
124848000000.000	1.142406706e+21
124934400000.000	1.143265089e+21
125020800000.000	1.144292037e+21
125107200000.000	1.145599923e+21
125193600000.000	1.147458827e+21
125280000000.000	1.150600479e+21
125366400000.000	1.158054430e+21
125452800000.000	1.183721551e+21
125539200000.000	1.154395267e+21
125625600000.000	1.147922966e+21
125712000000.000	1.144490208e+21
125798400000.000	1.142161606e+21
125884800000.000	1.140393509e+21
125971200000.000	1.138964316e+21
126057600000.000	1.137763647e+21
126144000000.000	1.136728901e+21
126230400000.000	1.135821143e+21
126316800000.000	1.135014427e+21
126403200000.000	1.134290518e+21
126489600000.000	1.133636057e+21
126576000000.000	1.133040925e+21
126662400000.000	1.132497260e+21
126748800000.000	1.131998818e+21
126835200000.000	1.131540562e+21
126921600000.000	1.131118369e+21
127008000000.000	1.130728831e+21
127094400000.000	1.130369101e+21
127180800000.000	1.130036785e+21
127267200000.000	1.129729853e+21
127353600000.000	1.129446569e+21
127440000000.000	1.129185438e+21
127526400000.000	1.128945160e+21
127612800000.000	1.128724581e+21
127699200000.000	1.128522667e+21
127785600000.000	1.128338458e+21
127872000000.000	1.128171040e+21
127958400000.000	1.128019510e+21
128044800000.000	1.127882949e+21
128131200000.000	1.127760397e+21
128217600000.000	1.127650840e+21
128304000000.000	1.127553205e+21
128390400000.000	1.127466343e+21
128476800000.000	1.127388958e+21
128563200000.000	1.127319436e+21
128649600000.000	1.127255490e+21
128736000000.000	1.127193589e+21
128822400000.000	1.127128176e+21
128908800000.000	1.127050691e+21
128995200000.000	1.126948512e+21
129081600000.000	1.126804024e+21
129168000000.000	1.126594361e+21
129254400000.000	1.126292907e+21
129340800000.000	1.125874153e+21
129427200000.000	1.125323548e+21
129513600000.000	1.124653746e+21
129600000000.000	1.123933158e+21
129686400000.000	1.123342868e+21
129772800000.000	1.123114403e+21
129859200000.000	1.123147295e+21
129945600000.000	1.123228554e+21
130032000000.000	1.123282340e+21
130118400000.000	1.123296414e+21
130204800000.000	1.123275432e+21
130291200000.000	1.123227087e+21
130377600000.000	1.123158358e+21
130464000000.000	1.123074805e+21
130550400000.000	1.122980737e+21
130636800000.000	1.122879532e+21
130723200000.000	1.122773886e+21
130809600000.000	1.122665962e+21
130896000000.000	1.122557474e+21
130982400000.000	1.122449748e+21
131068800000.000	1.122343769e+21
131155200000.000	1.122240246e+21
131241600000.000	1.122139667e+21
131328000000.000	1.122042350e+21
131414400000.000	1.121948486e+21
131500800000.000	1.121858172e+21
131587200000.000	1.121771440e+21
131673600000.000	1.121688269e+21
131760000000.000	1.121608609e+21
131846400000.000	1.121532382e+21
131932800000.000	1.121459496e+21
132019200000.000	1.121389848e+21
132105600000.000	1.121323327e+21
132192000000.000	1.121259820e+21
132278400000.000	1.121199209e+21
132364800000.000	1.121141377e+21
132451200000.000	1.121086206e+21
132537600000.000	1.121033581e+21
132624000000.000	1.120983385e+21
132710400000.000	1.120935505e+21
132796800000.000	1.120889827e+21
132883200000.000	1.120846241e+21
132969600000.000	1.120804637e+21
133056000000.000	1.120764906e+21
133142400000.000	1.120726941e+21
133228800000.000	1.120690638e+21
133315200000.000	1.120655891e+21
133401600000.000	1.120622597e+21
133488000000.000	1.120590653e+21
133574400000.000	1.120559956e+21
133660800000.000	1.120530405e+21
133747200000.000	1.120501898e+21
133833600000.000	1.120474332e+21
133920000000.000	1.120447606e+21
134006400000.000	1.120421614e+21
134092800000.000	1.120396253e+21
134179200000.000	1.120371414e+21
134265600000.000	1.120346988e+21
134352000000.000	1.120322860e+21
134438400000.000	1.120298914e+21
134524800000.000	1.120275027e+21
134611200000.000	1.120251072e+21
134697600000.000	1.120226919e+21
134784000000.000	1.120202433e+21
134870400000.000	1.120177478e+21
134956800000.000	1.120151920e+21
135043200000.000	1.120125631e+21
135129600000.000	1.120098498e+21
135216000000.000	1.120070427e+21
135302400000.000	1.120041354e+21
135388800000.000	1.120011250e+21
135475200000.000	1.119980127e+21
135561600000.000	1.119948040e+21
135648000000.000	1.119915082e+21
135734400000.000	1.119881382e+21
135820800000.000	1.119847091e+21
135907200000.000	1.119812371e+21
135993600000.000	1.119777391e+21
136080000000.000	1.119742313e+21
136166400000.000	1.119707290e+21
136252800000.000	1.119672465e+21
136339200000.000	1.119637974e+21
136425600000.000	1.119603945e+21
136512000000.000	1.119570506e+21
136598400000.000	1.119537792e+21
136684800000.000	1.119505948e+21
136771200000.000	1.119475136e+21
136857600000.000	1.119445544e+21
136944000000.000	1.119417389e+21
137030400000.000	1.119390928e+21
137116800000.000	1.119366464e+21
137203200000.000	1.119344357e+21
137289600000.000	1.119325033e+21
137376000000.000	1.119309000e+21
137462400000.000	1.119296854e+21
137548800000.000	1.119289296e+21
137635200000.000	1.119287129e+21
137721600000.000	1.119291227e+21
137808000000.000	1.119302426e+21
137894400000.000	1.119321231e+21
137980800000.000	1.119347073e+21
138067200000.000	1.119376681e+21
138153600000.000	1.119401285e+21
138240000000.000	1.119405016e+21
138326400000.000	1.119374029e+21
138412800000.000	1.119319722e+21
138499200000.000	1.119281862e+21
138585600000.000	1.119297960e+21
138672000000.000	1.119387609e+21
138758400000.000	1.119561440e+21
138844800000.000	1.119831830e+21
138931200000.000	1.120218984e+21
139017600000.000	1.120755859e+21
139104000000.000	1.121495955e+21
139190400000.000	1.122529359e+21
139276800000.000	1.124019209e+21
139363200000.000	1.126293366e+21
139449600000.000	1.130094177e+21
139536000000.000	1.136882327e+21
139622400000.000	1.140333915e+21
139708800000.000	1.133002550e+21
139795200000.000	1.128139525e+21
139881600000.000	1.125315526e+21
139968000000.000	1.123492202e+21
140054400000.000	1.122216665e+21
140140800000.000	1.121273970e+21
140227200000.000	1.120549829e+21
140313600000.000	1.119978143e+21
140400000000.000	1.119519554e+21
140486400000.000	1.119157032e+21
140572800000.000	1.118921335e+21
140659200000.000	1.118842753e+21
140745600000.000	1.118858261e+21
140832000000.000	1.118940181e+21
140918400000.000	1.119082386e+21
141004800000.000	1.119284703e+21
141091200000.000	1.119550184e+21
141177600000.000	1.119884684e+21
141264000000.000	1.120297080e+21
141350400000.000	1.120799855e+21
141436800000.000	1.121409979e+21
141523200000.000	1.122149987e+21
141609600000.000	1.123048849e+21
141696000000.000	1.124141093e+21
141782400000.000	1.125459421e+21
141868800000.000	1.127007530e+21
141955200000.000	1.128686166e+21
142041600000.000	1.130168808e+21
142128000000.000	1.130921827e+21
142214400000.000	1.130670386e+21
142300800000.000	1.129723578e+21
142387200000.000	1.128552995e+21
142473600000.000	1.127430387e+21
142560000000.000	1.126447364e+21
142646400000.000	1.125614103e+21
142732800000.000	1.124914433e+21
142819200000.000	1.124327122e+21
142905600000.000	1.123832653e+21
142992000000.000	1.123414779e+21
143078400000.000	1.123060428e+21
143164800000.000	1.122759178e+21
143251200000.000	1.122502713e+21
143337600000.000	1.122284357e+21
143424000000.000	1.122098719e+21
143510400000.000	1.121941417e+21
143596800000.000	1.121808882e+21
143683200000.000	1.121698204e+21
143769600000.000	1.121607019e+21
143856000000.000	1.121533422e+21
143942400000.000	1.121475900e+21
144028800000.000	1.121433276e+21
144115200000.000	1.121404663e+21
144201600000.000	1.121389431e+21
144288000000.000	1.121387185e+21
144374400000.000	1.121397749e+21
144460800000.000	1.121421157e+21
144547200000.000	1.121457662e+21
144633600000.000	1.121507750e+21
144720000000.000	1.121572164e+21
144806400000.000	1.121651954e+21
144892800000.000	1.121748531e+21
144979200000.000	1.121863759e+21
145065600000.000	1.122000078e+21
145152000000.000	1.122160681e+21
145238400000.000	1.122349763e+21
145324800000.000	1.122572895e+21
145411200000.000	1.122837567e+21
145497600000.000	1.123154038e+21
145584000000.000	1.123536693e+21
145670400000.000	1.124006389e+21
145756800000.000	1.124595051e+21
145843200000.000	1.125355988e+21
145929600000.000	1.126388795e+21
146016000000.000	1.127892791e+21
146102400000.000	1.130216263e+21
146188800000.000	1.133226221e+21
146275200000.000	1.133396958e+21
146361600000.000	1.130501761e+21
146448000000.000	1.128051719e+21
146534400000.000	1.126372175e+21
146620800000.000	1.125189275e+21
146707200000.000	1.124315779e+21
146793600000.000	1.123644341e+21
146880000000.000	1.123111791e+21
146966400000.000	1.122679030e+21
147052800000.000	1.122320667e+21
147139200000.000	1.122019515e+21
147225600000.000	1.121763536e+21
147312000000.000	1.121544059e+21
147398400000.000	1.121354699e+21
147484800000.000	1.121190672e+21
147571200000.000	1.121048348e+21
147657600000.000	1.120924951e+21
147744000000.000	1.120818350e+21
147830400000.000	1.120726908e+21
147916800000.000	1.120649374e+21
148003200000.000	1.120584800e+21
148089600000.000	1.120532483e+21
148176000000.000	1.120491917e+21
148262400000.000	1.120462762e+21
148348800000.000	1.120444815e+21
148435200000.000	1.120437991e+21
148521600000.000	1.120442310e+21
148608000000.000	1.120457884e+21
148694400000.000	1.120484905e+21
148780800000.000	1.120523632e+21
148867200000.000	1.120574375e+21
148953600000.000	1.120637470e+21
149040000000.000	1.120713234e+21
149126400000.000	1.120801904e+21
149212800000.000	1.120903515e+21
149299200000.000	1.121017707e+21
149385600000.000	1.121143389e+21
149472000000.000	1.121278147e+21
149558400000.000	1.121417208e+21
149644800000.000	1.121551606e+21
149731200000.000	1.121664948e+21
149817600000.000	1.121727906e+21
149904000000.000	1.121689874e+21
149990400000.000	1.121471346e+21
150076800000.000	1.120993715e+21
150163200000.000	1.121216345e+21
150249600000.000	1.123260410e+21
150336000000.000	1.125044677e+21
150422400000.000	1.126408958e+21
150508800000.000	1.127508691e+21
150595200000.000	1.128574521e+21
150681600000.000	1.129851032e+21
150768000000.000	1.131657579e+21
150854400000.000	1.134629000e+21
150940800000.000	1.140749218e+21
151027200000.000	1.156738676e+21
151113600000.000	1.142410332e+21
151200000000.000	1.134478043e+21
151286400000.000	1.130722558e+21
151372800000.000	1.128414110e+21
151459200000.000	1.126799137e+21
151545600000.000	1.125582150e+21
151632000000.000	1.124620981e+21
151718400000.000	1.123837822e+21
151804800000.000	1.123186343e+21
151891200000.000	1.122637536e+21
151977600000.000	1.122173070e+21
152064000000.000	1.121782223e+21
152150400000.000	1.121461007e+21
152236800000.000	1.121213320e+21
152323200000.000	1.121054396e+21
152409600000.000	1.121013541e+21
152496000000.000	1.121108403e+21
152582400000.000	1.121235958e+21
152668800000.000	1.121212244e+21
152755200000.000	1.121057386e+21
152841600000.000	1.120870195e+21
152928000000.000	1.120693497e+21
153014400000.000	1.120537598e+21
153100800000.000	1.120403118e+21
153187200000.000	1.120288295e+21
153273600000.000	1.120190900e+21
153360000000.000	1.120108717e+21
153446400000.000	1.120039670e+21
153532800000.000	1.119981872e+21
153619200000.000	1.119933645e+21
153705600000.000	1.119893535e+21
153792000000.000	1.119860306e+21
153878400000.000	1.119832925e+21
153964800000.000	1.119810539e+21
154051200000.000	1.119792451e+21
154137600000.000	1.119778101e+21
154224000000.000	1.119767041e+21
154310400000.000	1.119758924e+21
154396800000.000	1.119753483e+21
154483200000.000	1.119750526e+21
154569600000.000	1.119749926e+21
154656000000.000	1.119751610e+21
154742400000.000	1.119755563e+21
154828800000.000	1.119761816e+21
154915200000.000	1.119770446e+21
155001600000.000	1.119781576e+21
155088000000.000	1.119795371e+21
155174400000.000	1.119812038e+21
155260800000.000	1.119831828e+21
155347200000.000	1.119855031e+21
155433600000.000	1.119881982e+21
155520000000.000	1.119913057e+21
155606400000.000	1.119948679e+21
155692800000.000	1.119989318e+21
155779200000.000	1.120035495e+21
155865600000.000	1.120087788e+21
155952000000.000	1.120146836e+21
156038400000.000	1.120213351e+21
156124800000.000	1.120288133e+21
156211200000.000	1.120372081e+21
156297600000.000	1.120466226e+21
156384000000.000	1.120571764e+21
156470400000.000	1.120690108e+21
156556800000.000	1.120822969e+21
156643200000.000	1.120972473e+21
156729600000.000	1.121141341e+21
156816000000.000	1.121333188e+21
156902400000.000	1.121553002e+21
156988800000.000	1.121807968e+21
157075200000.000	1.122108902e+21
157161600000.000	1.122472807e+21
157248000000.000	1.122927402e+21
157334400000.000	1.123518718e+21
157420800000.000	1.124322198e+21
157507200000.000	1.125455831e+21
157593600000.000	1.127098113e+21
