0.000	7.437610468e+31
86400000.000	7.438366392e+31
172800000.000	7.439154382e+31
259200000.000	7.439974766e+31
345600000.000	7.440828682e+31
432000000.000	7.441717341e+31
518400000.000	7.442642034e+31
604800000.000	7.443604133e+31
691200000.000	7.444605098e+31
777600000.000	7.445646484e+31
864000000.000	7.446729944e+31
950400000.000	7.447857240e+31
1036800000.000	7.449030246e+31
1123200000.000	7.450250957e+31
1209600000.000	7.451521496e+31
1296000000.000	7.452844120e+31
1382400000.000	7.454221232e+31
1468800000.000	7.455655384e+31
1555200000.000	7.457149285e+31
1641600000.000	7.458705809e+31
1728000000.000	7.460327995e+31
1814400000.000	7.462019055e+31
1900800000.000	7.463782365e+31
1987200000.000	7.465621467e+31
2073600000.000	7.467540051e+31
2160000000.000	7.469541932e+31
2246400000.000	7.471631021e+31
2332800000.000	7.473811270e+31
2419200000.000	7.476086598e+31
2505600000.000	7.478460788e+31
2592000000.000	7.480937344e+31
2678400000.000	7.483519299e+31
2764800000.000	7.486208948e+31
2851200000.000	7.489007506e+31
2937600000.000	7.491914651e+31
3024000000.000	7.494927939e+31
3110400000.000	7.498042063e+31
3196800000.000	7.501247930e+31
3283200000.000	7.504531559e+31
3369600000.000	7.507872795e+31
3456000000.000	7.511243933e+31
3542400000.000	7.514608353e+31
3628800000.000	7.517919422e+31
3715200000.000	7.521120021e+31
3801600000.000	7.524143152e+31
3888000000.000	7.526914174e+31
3974400000.000	7.529355041e+31
4060800000.000	7.531390624e+31
4147200000.000	7.532956575e+31
4233600000.000	7.534007460e+31
4320000000.000	7.534523445e+31
4406400000.000	7.534513806e+31
4492800000.000	7.534016278e+31
4579200000.000	7.533092433e+31
4665600000.000	7.531820347e+31
4752000000.000	7.530286378e+31
4838400000.000	7.528577690e+31
4924800000.000	7.526776620e+31
5011200000.000	7.524957201e+31
5097600000.000	7.523183654e+31
5184000000.000	7.521510393e+31
5270400000.000	7.519982981e+31
5356800000.000	7.518639625e+31
5443200000.000	7.517512855e+31
5529600000.000	7.516631221e+31
5616000000.000	7.516020894e+31
5702400000.000	7.515707149e+31
5788800000.000	7.515715755e+31
5875200000.000	7.516074330e+31
5961600000.000	7.516813733e+31
6048000000.000	7.517969623e+31
6134400000.000	7.519584318e+31
6220800000.000	7.521709188e+31
6307200000.000	7.524407892e+31
6393600000.000	7.527760972e+31
6480000000.000	7.531872601e+31
6566400000.000	7.536880869e+31
6652800000.000	7.542974057e+31
6739200000.000	7.550417464e+31
6825600000.000	7.559599848e+31
6912000000.000	7.571118538e+31
6998400000.000	7.585946588e+31
7084800000.000	7.605788339e+31
7171200000.000	7.633898449e+31
7257600000.000	7.676933861e+31
7344000000.000	7.744185556e+31
7430400000.000	7.772426334e+31
7516800000.000	7.690546511e+31
7603200000.000	7.630021440e+31
7689600000.000	7.594372102e+31
7776000000.000	7.571825985e+31
7862400000.000	7.556692625e+31
7948800000.000	7.546090779e+31
8035200000.000	7.538362676e+31
8121600000.000	7.532469195e+31
8208000000.000	7.527737175e+31
8294400000.000	7.523730041e+31
8380800000.000	7.520168530e+31
8467200000.000	7.516878526e+31
8553600000.000	7.513756182e+31
8640000000.000	7.510744316e+31
8726400000.000	7.507816135e+31
8812800000.000	7.504963847e+31
8899200000.000	7.502190694e+31
8985600000.000	7.499505491e+31
9072000000.000	7.496919026e+31
9158400000.000	7.494441848e+31
9244800000.000	7.492083041e+31
9331200000.000	7.489849669e+31
9417600000.000	7.487746647e+31
9504000000.000	7.485776869e+31
9590400000.000	7.483941458e+31
9676800000.000	7.482240062e+31
9763200000.000	7.480671152e+31
9849600000.000	7.479232288e+31
9936000000.000	7.477920351e+31
10022400000.000	7.476731728e+31
10108800000.000	7.475662459e+31
10195200000.000	7.474708348e+31
10281600000.000	7.473865045e+31
10368000000.000	7.473128102e+31
10454400000.000	7.472493008e+31
10540800000.000	7.471955217e+31
10627200000.000	7.471510157e+31
10713600000.000	7.471153235e+31
10800000000.000	7.470879844e+31
10886400000.000	7.470685360e+31
10972800000.000	7.470565151e+31
11059200000.000	7.470514580e+31
11145600000.000	7.470529024e+31
11232000000.000	7.470603894e+31
11318400000.000	7.470734667e+31
11404800000.000	7.470916927e+31
11491200000.000	7.471146421e+31
11577600000.000	7.471419116e+31
11664000000.000	7.471731279e+31
11750400000.000	7.472079556e+31
11836800000.000	7.472461060e+31
11923200000.000	7.472873469e+31
12009600000.000	7.473315119e+31
12096000000.000	7.473785106e+31
12182400000.000	7.474283375e+31
12268800000.000	7.474810816e+31
12355200000.000	7.475369350e+31
12441600000.000	7.475962007e+31
12528000000.000	7.476593008e+31
12614400000.000	7.477267848e+31
12700800000.000	7.477993373e+31
12787200000.000	7.478777888e+31
12873600000.000	7.479631263e+31
12960000000.000	7.480565089e+31
13046400000.000	7.481592861e+31
13132800000.000	7.482730223e+31
13219200000.000	7.483995291e+31
13305600000.000	7.485409077e+31
13392000000.000	7.486996071e+31
13478400000.000	7.488785041e+31
13564800000.000	7.490810201e+31
13651200000.000	7.493112915e+31
13737600000.000	7.495744267e+31
13824000000.000	7.498768950e+31
13910400000.000	7.502271256e+31
13996800000.000	7.506364491e+31
14083200000.000	7.511206314e+31
14169600000.000	7.517024931e+31
14256000000.000	7.524166770e+31
14342400000.000	7.533190388e+31
14428800000.000	7.545071793e+31
14515200000.000	7.561722594e+31
14601600000.000	7.587610690e+31
14688000000.000	7.637108910e+31
14774400000.000	7.819384175e+31
14860800000.000	7.718558822e+31
14947200000.000	7.615920723e+31
15033600000.000	7.577770659e+31
15120000000.000	7.556430016e+31
15206400000.000	7.542464622e+31
15292800000.000	7.532546525e+31
15379200000.000	7.525157375e+31
15465600000.000	7.519492948e+31
15552000000.000	7.515084068e+31
15638400000.000	7.511638536e+31
15724800000.000	7.508966344e+31
15811200000.000	7.506940938e+31
15897600000.000	7.505477802e+31
15984000000.000	7.504522069e+31
16070400000.000	7.504041175e+31
16156800000.000	7.504020496e+31
16243200000.000	7.504460857e+31
16329600000.000	7.505377227e+31
16416000000.000	7.506798197e+31
16502400000.000	7.508765903e+31
16588800000.000	7.511336080e+31
16675200000.000	7.514577910e+31
16761600000.000	7.518573131e+31
16848000000.000	7.523413584e+31
16934400000.000	7.529195727e+31
17020800000.000	7.536009430e+31
17107200000.000	7.543916383e+31
17193600000.000	7.552910868e+31
17280000000.000	7.562854764e+31
17366400000.000	7.573386843e+31
17452800000.000	7.583838906e+31
17539200000.000	7.593254795e+31
17625600000.000	7.600639746e+31
17712000000.000	7.605413752e+31
17798400000.000	7.607740780e+31
17884800000.000	7.608418249e+31
17971200000.000	7.608463194e+31
18057600000.000	7.608769400e+31
18144000000.000	7.609992525e+31
18230400000.000	7.612589451e+31
18316800000.000	7.616906676e+31
18403200000.000	7.623267169e+31
18489600000.000	7.632048551e+31
18576000000.000	7.643765291e+31
18662400000.000	7.659178205e+31
18748800000.000	7.679467621e+31
18835200000.000	7.706524091e+31
18921600000.000	7.743372803e+31
19008000000.000	7.794082180e+31
19094400000.000	7.857036880e+31
19180800000.000	7.891358455e+31
19267200000.000	7.849168385e+31
19353600000.000	7.788243006e+31
19440000000.000	7.742621333e+31
19526400000.000	7.711582886e+31
19612800000.000	7.690830345e+31
19699200000.000	7.677494031e+31
19785600000.000	7.669958939e+31
19872000000.000	7.667440322e+31
19958400000.000	7.669761447e+31
20044800000.000	7.677313508e+31
20131200000.000	7.691200089e+31
20217600000.000	7.713671817e+31
20304000000.000	7.749151860e+31
20390400000.000	7.806083971e+31
20476800000.000	7.890145309e+31
20563200000.000	7.907548264e+31
20649600000.000	7.808764508e+31
20736000000.000	7.735679947e+31
20822400000.000	7.691167870e+31
20908800000.000	7.662899759e+31
20995200000.000	7.644640171e+31
21081600000.000	7.633283233e+31
21168000000.000	7.626895306e+31
21254400000.000	7.624216403e+31
21340800000.000	7.624596747e+31
21427200000.000	7.627933754e+31
21513600000.000	7.634825179e+31
21600000000.000	7.647301147e+31
21686400000.000	7.672272905e+31
21772800000.000	7.756649270e+31
21859200000.000	7.733767405e+31
21945600000.000	7.667581206e+31
22032000000.000	7.644822444e+31
22118400000.000	7.632607397e+31
22204800000.000	7.625014597e+31
22291200000.000	7.620022463e+31
22377600000.000	7.616734987e+31
22464000000.000	7.614701113e+31
22550400000.000	7.613686363e+31
22636800000.000	7.613582582e+31
22723200000.000	7.614371142e+31
22809600000.000	7.616112577e+31
22896000000.000	7.618954801e+31
22982400000.000	7.623162037e+31
23068800000.000	7.629177286e+31
23155200000.000	7.637753071e+31
23241600000.000	7.650245945e+31
23328000000.000	7.669378739e+31
23414400000.000	7.701706861e+31
23500800000.000	7.769480407e+31
23587200000.000	8.058107513e+31
23673600000.000	7.801486523e+31
23760000000.000	7.687876931e+31
23846400000.000	7.641190532e+31
23932800000.000	7.614657493e+31
24019200000.000	7.597979136e+31
24105600000.000	7.587560558e+31
24192000000.000	7.581549399e+31
24278400000.000	7.578463623e+31
24364800000.000	7.577200298e+31
24451200000.000	7.577155322e+31
24537600000.000	7.578092997e+31
24624000000.000	7.580016370e+31
24710400000.000	7.583129307e+31
24796800000.000	7.587891999e+31
24883200000.000	7.595205806e+31
24969600000.000	7.606873711e+31
25056000000.000	7.626850258e+31
25142400000.000	7.665762818e+31
25228800000.000	7.772484239e+31
25315200000.000	7.946549329e+31
25401600000.000	7.717718278e+31
25488000000.000	7.662700830e+31
25574400000.000	7.635903899e+31
25660800000.000	7.620022716e+31
25747200000.000	7.609683725e+31
25833600000.000	7.602593756e+31
25920000000.000	7.597594240e+31
26006400000.000	7.594034879e+31
26092800000.000	7.591523561e+31
26179200000.000	7.589811487e+31
26265600000.000	7.588734941e+31
26352000000.000	7.588183563e+31
26438400000.000	7.588082076e+31
26524800000.000	7.588379349e+31
26611200000.000	7.589041641e+31
26697600000.000	7.590048410e+31
26784000000.000	7.591389747e+31
26870400000.000	7.593064940e+31
26956800000.000	7.595081894e+31
27043200000.000	7.597457300e+31
27129600000.000	7.600217572e+31
27216000000.000	7.603400698e+31
27302400000.000	7.607059348e+31
27388800000.000	7.611265841e+31
27475200000.000	7.616120110e+31
27561600000.000	7.621762773e+31
27648000000.000	7.628397420e+31
27734400000.000	7.636330783e+31
27820800000.000	7.646050444e+31
27907200000.000	7.658390092e+31
27993600000.000	7.674929769e+31
28080000000.000	7.699169390e+31
28166400000.000	7.741258999e+31
28252800000.000	7.857164617e+31
28339200000.000	9.726148505e+31
28425600000.000	9.724266228e+31
28512000000.000	9.722563563e+31
28598400000.000	9.721093111e+31
28684800000.000	9.719895246e+31
28771200000.000	9.719002988e+31
28857600000.000	9.718446167e+31
28944000000.000	9.718254338e+31
29030400000.000	9.718458825e+31
29116800000.000	9.719094316e+31
29203200000.000	9.720200277e+31
29289600000.000	9.721822408e+31
29376000000.000	9.724014261e+31
29462400000.000	9.726839153e+31
29548800000.000	9.730372467e+31
29635200000.000	9.734704426e+31
29721600000.000	9.739943343e+31
29808000000.000	9.746219201e+31
29894400000.000	9.753686984e+31
29980800000.000	9.762528254e+31
30067200000.000	9.772947451e+31
30153600000.000	9.785155659e+31
30240000000.000	9.799329462e+31
30326400000.000	9.815534259e+31
30412800000.000	9.833650637e+31
30499200000.000	9.853570679e+31
30585600000.000	9.876687714e+31
30672000000.000	9.913453037e+31
30758400000.000	1.009897266e+32
30844800000.000	9.978489405e+31
30931200000.000	9.913550076e+31
31017600000.000	9.885729239e+31
31104000000.000	9.862717340e+31
31190400000.000	9.844394017e+31
31276800000.000	9.832206182e+31
31363200000.000	9.826281370e+31
31449600000.000	9.826953946e+31
31536000000.000	9.835958710e+31
31622400000.000	9.858554208e+31
31708800000.000	9.911537922e+31
31795200000.000	1.003398584e+32
31881600000.000	9.933912882e+31
31968000000.000	9.842783184e+31
32054400000.000	9.798304950e+31
32140800000.000	9.771302365e+31
32227200000.000	9.752931448e+31
32313600000.000	9.739723936e+31
32400000000.000	9.730043410e+31
32486400000.000	9.723026805e+31
32572800000.000	9.718193079e+31
32659200000.000	9.715276400e+31
32745600000.000	9.714149399e+31
32832000000.000	9.714789040e+31
32918400000.000	9.717267356e+31
33004800000.000	9.721762161e+31
33091200000.000	9.728591272e+31
33177600000.000	9.738284415e+31
33264000000.000	9.751727816e+31
33350400000.000	9.770465824e+31
33436800000.000	9.797360007e+31
33523200000.000	9.837897675e+31
33609600000.000	9.898474312e+31
33696000000.000	9.931917279e+31
33782400000.000	9.874506390e+31
33868800000.000	9.828784563e+31
33955200000.000	9.809293869e+31
34041600000.000	9.811584959e+31
34128000000.000	9.844525687e+31
34214400000.000	9.957377066e+31
34300800000.000	9.905949454e+31
34387200000.000	9.814436871e+31
34473600000.000	9.774587258e+31
34560000000.000	9.752361593e+31
34646400000.000	9.738310305e+31
34732800000.000	9.728829427e+31
34819200000.000	9.722220876e+31
34905600000.000	9.717569816e+31
34992000000.000	9.714334887e+31
35078400000.000	9.712172186e+31
35164800000.000	9.710850551e+31
35251200000.000	9.710207212e+31
35337600000.000	9.710123014e+31
35424000000.000	9.710507888e+31
35510400000.000	9.711291982e+31
35596800000.000	9.712420109e+31
35683200000.000	9.713848187e+31
35769600000.000	9.715540914e+31
35856000000.000	9.717470211e+31
35942400000.000	9.719614131e+31
36028800000.000	9.721956028e+31
36115200000.000	9.724483872e+31
36201600000.000	9.727189611e+31
36288000000.000	9.730068552e+31
36374400000.000	9.733118721e+31
36460800000.000	9.736340206e+31
36547200000.000	9.739734438e+31
36633600000.000	9.743303341e+31
36720000000.000	9.747048071e+31
36806400000.000	9.750966589e+31
36892800000.000	9.755047637e+31
36979200000.000	9.759255351e+31
37065600000.000	9.763537009e+31
37152000000.000	9.768423282e+31
37238400000.000	9.774576490e+31
37324800000.000	9.780268789e+31
37411200000.000	9.785598733e+31
37497600000.000	9.790916450e+31
37584000000.000	9.796330224e+31
37670400000.000	9.801863778e+31
37756800000.000	9.807511967e+31
37843200000.000	9.813256833e+31
37929600000.000	9.819073152e+31
38016000000.000	9.824931367e+31
38102400000.000	9.830800345e+31
38188800000.000	9.836650748e+31
38275200000.000	9.842459134e+31
38361600000.000	9.848212405e+31
38448000000.000	9.853911875e+31
38534400000.000	9.859576077e+31
38620800000.000	9.865241638e+31
38707200000.000	9.870962120e+31
38793600000.000	9.876805289e+31
38880000000.000	9.882849830e+31
38966400000.000	9.889182599e+31
39052800000.000	9.895897429e+31
39139200000.000	9.903096165e+31
39225600000.000	9.910892530e+31
39312000000.000	9.919419501e+31
39398400000.000	9.928841519e+31
39484800000.000	9.939374230e+31
39571200000.000	9.951317333e+31
39657600000.000	9.965112513e+31
39744000000.000	9.981453771e+31
39830400000.000	1.000151941e+32
39916800000.000	1.002752806e+32
40003200000.000	1.006434668e+32
40089600000.000	1.012579508e+32
40176000000.000	1.028107653e+32
40262400000.000	1.043922745e+32
40348800000.000	1.019649675e+32
40435200000.000	1.013609057e+32
40521600000.000	1.011486645e+32
40608000000.000	1.013050863e+32
40694400000.000	1.022021927e+32
40780800000.000	1.047184896e+32
40867200000.000	1.020727797e+32
40953600000.000	1.014311546e+32
41040000000.000	1.011477473e+32
41126400000.000	1.010029508e+32
41212800000.000	1.009291817e+32
41299200000.000	1.008969132e+32
41385600000.000	1.008908055e+32
41472000000.000	1.009020429e+32
41558400000.000	1.009251875e+32
41644800000.000	1.009566919e+32
41731200000.000	1.009941371e+32
41817600000.000	1.010358216e+32
41904000000.000	1.010805318e+32
41990400000.000	1.011274067e+32
42076800000.000	1.011758538e+32
42163200000.000	1.012254894e+32
42249600000.000	1.012760932e+32
42336000000.000	1.013275680e+32
42422400000.000	1.013799056e+32
42508800000.000	1.014331559e+32
42595200000.000	1.014874025e+32
42681600000.000	1.015427433e+32
42768000000.000	1.015992762e+32
42854400000.000	1.016570900e+32
42940800000.000	1.017162598e+32
43027200000.000	1.017768446e+32
43113600000.000	1.018388870e+32
43200000000.000	1.019024152e+32
43286400000.000	1.019674442e+32
43372800000.000	1.020339787e+32
43459200000.000	1.021020151e+32
43545600000.000	1.021715435e+32
43632000000.000	1.022425501e+32
43718400000.000	1.023150188e+32
43804800000.000	1.023889326e+32
43891200000.000	1.024642753e+32
43977600000.000	1.025410327e+32
44064000000.000	1.026191939e+32
44150400000.000	1.026987528e+32
44236800000.000	1.027797091e+32
44323200000.000	1.028620702e+32
44409600000.000	1.029458533e+32
44496000000.000	1.030310869e+32
44582400000.000	1.031178144e+32
44668800000.000	1.032060966e+32
44755200000.000	1.032960167e+32
44841600000.000	1.033876849e+32
44928000000.000	1.034812450e+32
45014400000.000	1.035768816e+32
45100800000.000	1.036748299e+32
45187200000.000	1.037753854e+32
45273600000.000	1.038789153e+32
45360000000.000	1.039858712e+32
45446400000.000	1.040968011e+32
45532800000.000	1.042123629e+32
45619200000.000	1.043333397e+32
45705600000.000	1.044606636e+32
45792000000.000	1.045954554e+32
45878400000.000	1.047390960e+32
45964800000.000	1.048933519e+32
46051200000.000	1.050605883e+32
46137600000.000	1.052441299e+32
46224000000.000	1.054488787e+32
46310400000.000	1.056824036e+32
46396800000.000	1.059568794e+32
46483200000.000	1.062921637e+32
46569600000.000	1.067163268e+32
46656000000.000	1.072210541e+32
46742400000.000	1.075073560e+32
46828800000.000	1.072560731e+32
46915200000.000	1.069227537e+32
47001600000.000	1.067071448e+32
47088000000.000	1.065872148e+32
47174400000.000	1.065311998e+32
47260800000.000	1.065202847e+32
47347200000.000	1.065458037e+32
47433600000.000	1.066118687e+32
47520000000.000	1.067610616e+32
47606400000.000	1.070275976e+32
47692800000.000	1.078945614e+32
47779200000.000	1.072226454e+32
47865600000.000	1.072052326e+32
47952000000.000	1.072583264e+32
48038400000.000	1.073369438e+32
48124800000.000	1.074289538e+32
48211200000.000	1.075295969e+32
48297600000.000	1.076366609e+32
48384000000.000	1.077490581e+32
48470400000.000	1.078663009e+32
48556800000.000	1.079882884e+32
48643200000.000	1.081152287e+32
48729600000.000	1.082476416e+32
48816000000.000	1.083864293e+32
48902400000.000	1.085330420e+32
48988800000.000	1.086898082e+32
49075200000.000	1.088606096e+32
49161600000.000	1.090523788e+32
49248000000.000	1.092788989e+32
49334400000.000	1.095726061e+32
49420800000.000	1.100356611e+32
49507200000.000	1.111870328e+32
49593600000.000	1.105821553e+32
49680000000.000	1.100396732e+32
49766400000.000	1.099056651e+32
49852800000.000	1.098907899e+32
49939200000.000	1.099287544e+32
50025600000.000	1.099964806e+32
50112000000.000	1.100851831e+32
50198400000.000	1.101947797e+32
50284800000.000	1.103412866e+32
50371200000.000	1.106129119e+32
50457600000.000	1.113742609e+32
50544000000.000	1.144329631e+32
50630400000.000	1.122934217e+32
50716800000.000	1.115674003e+32
50803200000.000	1.113138253e+32
50889600000.000	1.112150533e+32
50976000000.000	1.111878730e+32
51062400000.000	1.111997448e+32
51148800000.000	1.112352360e+32
51235200000.000	1.112863308e+32
51321600000.000	1.113489062e+32
51408000000.000	1.114213718e+32
51494400000.000	1.115042192e+32
51580800000.000	1.115996459e+32
51667200000.000	1.117101191e+32
51753600000.000	1.118359111e+32
51840000000.000	1.119744271e+32
51926400000.000	1.121220182e+32
52012800000.000	1.122754883e+32
52099200000.000	1.124323940e+32
52185600000.000	1.125908807e+32
52272000000.000	1.127495154e+32
52358400000.000	1.129072018e+32
52444800000.000	1.130631524e+32
52531200000.000	1.132168859e+32
52617600000.000	1.133682244e+32
52704000000.000	1.135172801e+32
52790400000.000	1.136644306e+32
52876800000.000	1.138102852e+32
52963200000.000	1.139556544e+32
53049600000.000	1.141015306e+32
53136000000.000	1.142490907e+32
53222400000.000	1.143997332e+32
53308800000.000	1.145551660e+32
53395200000.000	1.147175779e+32
53481600000.000	1.148899604e+32
53568000000.000	1.150767323e+32
53654400000.000	1.152850597e+32
53740800000.000	1.155280147e+32
53827200000.000	1.158337027e+32
53913600000.000	1.162811962e+32
54000000000.000	1.172755130e+32
54086400000.000	1.182510804e+32
54172800000.000	1.169032242e+32
54259200000.000	1.166741947e+32
54345600000.000	1.166543373e+32
54432000000.000	1.167368542e+32
54518400000.000	1.169090470e+32
54604800000.000	1.172285418e+32
54691200000.000	1.181893774e+32
54777600000.000	1.179096264e+32
54864000000.000	1.173775626e+32
54950400000.000	1.172540627e+32
55036800000.000	1.172383822e+32
55123200000.000	1.172742047e+32
55209600000.000	1.173423204e+32
55296000000.000	1.174346398e+32
55382400000.000	1.175477800e+32
55468800000.000	1.176810115e+32
55555200000.000	1.178356479e+32
55641600000.000	1.180151623e+32
55728000000.000	1.182259680e+32
55814400000.000	1.184792019e+32
55900800000.000	1.187944043e+32
55987200000.000	1.192064329e+32
56073600000.000	1.197684847e+32
56160000000.000	1.204329214e+32
56246400000.000	1.207258103e+32
56332800000.000	1.205209066e+32
56419200000.000	1.198165375e+32
56505600000.000	1.192182354e+32
56592000000.000	1.188611825e+32
56678400000.000	1.186930442e+32
56764800000.000	1.186991916e+32
56851200000.000	1.187563570e+32
56937600000.000	1.188275488e+32
57024000000.000	1.189069638e+32
57110400000.000	1.189924420e+32
57196800000.000	1.190827309e+32
57283200000.000	1.191769698e+32
57369600000.000	1.192745245e+32
57456000000.000	1.193749103e+32
57542400000.000	1.194777497e+32
57628800000.000	1.195827445e+32
57715200000.000	1.196896577e+32
57801600000.000	1.197983000e+32
57888000000.000	1.199085200e+32
57974400000.000	1.200201965e+32
58060800000.000	1.201332329e+32
58147200000.000	1.202475515e+32
58233600000.000	1.203630898e+32
58320000000.000	1.204797964e+32
58406400000.000	1.205976274e+32
58492800000.000	1.207165426e+32
58579200000.000	1.208365025e+32
58665600000.000	1.209574642e+32
58752000000.000	1.210793780e+32
58838400000.000	1.212021842e+32
58924800000.000	1.213258108e+32
59011200000.000	1.214501712e+32
59097600000.000	1.215751657e+32
59184000000.000	1.217006847e+32
59270400000.000	1.218266166e+32
59356800000.000	1.219528607e+32
59443200000.000	1.220793460e+32
59529600000.000	1.222060556e+32
59616000000.000	1.223330581e+32
59702400000.000	1.224605462e+32
59788800000.000	1.225888893e+32
59875200000.000	1.227187146e+32
59961600000.000	1.228510561e+32
60048000000.000	1.229876739e+32
60134400000.000	1.231318403e+32
60220800000.000	1.232906147e+32
60307200000.000	1.234830535e+32
60393600000.000	1.237790084e+32
60480000000.000	1.245110033e+32
60566400000.000	1.278270086e+32
60652800000.000	1.253829926e+32
60739200000.000	1.247409218e+32
60825600000.000	1.245319753e+32
60912000000.000	1.244667702e+32
60998400000.000	1.244691141e+32
61084800000.000	1.245092245e+32
61171200000.000	1.245729084e+32
61257600000.000	1.246525964e+32
61344000000.000	1.247440162e+32
61430400000.000	1.248447842e+32
61516800000.000	1.249538049e+32
61603200000.000	1.250711102e+32
61689600000.000	1.251980121e+32
61776000000.000	1.253374668e+32
61862400000.000	1.254943017e+32
61948800000.000	1.256748679e+32
62035200000.000	1.258869855e+32
62121600000.000	1.261427532e+32
62208000000.000	1.264671662e+32
62294400000.000	1.269233069e+32
62380800000.000	1.277150360e+32
62467200000.000	1.290110157e+32
62553600000.000	1.280587308e+32
62640000000.000	1.275598355e+32
62726400000.000	1.273650661e+32
62812800000.000	1.272916338e+32
62899200000.000	1.272803730e+32
62985600000.000	1.273065871e+32
63072000000.000	1.273580240e+32
63158400000.000	1.274278560e+32
63244800000.000	1.275119414e+32
63331200000.000	1.276075963e+32
63417600000.000	1.277129902e+32
63504000000.000	1.278268357e+32
63590400000.000	1.279482339e+32
63676800000.000	1.280766069e+32
63763200000.000	1.282116835e+32
63849600000.000	1.283535283e+32
63936000000.000	1.285026150e+32
64022400000.000	1.286599740e+32
64108800000.000	1.288274781e+32
64195200000.000	1.290084207e+32
64281600000.000	1.292087853e+32
64368000000.000	1.294404081e+32
64454400000.000	1.297305483e+32
64540800000.000	1.301622497e+32
64627200000.000	1.312389757e+32
64713600000.000	1.314484110e+32
64800000000.000	1.305576167e+32
64886400000.000	1.303909285e+32
64972800000.000	1.303739534e+32
65059200000.000	1.304176449e+32
65145600000.000	1.304932750e+32
65232000000.000	1.305884273e+32
65318400000.000	1.306967793e+32
65404800000.000	1.308147563e+32
65491200000.000	1.309401890e+32
65577600000.000	1.310716944e+32
65664000000.000	1.312083580e+32
65750400000.000	1.313495561e+32
65836800000.000	1.314948454e+32
65923200000.000	1.316438848e+32
66009600000.000	1.317963714e+32
66096000000.000	1.319519754e+32
66182400000.000	1.321102663e+32
66268800000.000	1.322706220e+32
66355200000.000	1.324321223e+32
66441600000.000	1.325934393e+32
66528000000.000	1.327527632e+32
66614400000.000	1.329078349e+32
66700800000.000	1.330561718e+32
66787200000.000	1.331955235e+32
66873600000.000	1.333244546e+32
66960000000.000	1.334427906e+32
67046400000.000	1.335516677e+32
67132800000.000	1.336531547e+32
67219200000.000	1.337496712e+32
67305600000.000	1.338434843e+32
67392000000.000	1.339364281e+32
67478400000.000	1.340298318e+32
67564800000.000	1.341245726e+32
67651200000.000	1.342211768e+32
67737600000.000	1.343199208e+32
67824000000.000	1.344209149e+32
67910400000.000	1.345241648e+32
67996800000.000	1.346296142e+32
68083200000.000	1.347371732e+32
68169600000.000	1.348467366e+32
68256000000.000	1.349581952e+32
68342400000.000	1.350714428e+32
68428800000.000	1.351863801e+32
68515200000.000	1.353029174e+32
68601600000.000	1.354209756e+32
68688000000.000	1.355404872e+32
68774400000.000	1.356613964e+32
68860800000.000	1.357836600e+32
68947200000.000	1.359072480e+32
69033600000.000	1.360321443e+32
69120000000.000	1.361583491e+32
69206400000.000	1.362858802e+32
69292800000.000	1.364147780e+32
69379200000.000	1.365451101e+32
69465600000.000	1.366769806e+32
69552000000.000	1.368105429e+32
69638400000.000	1.369460215e+32
69724800000.000	1.370837472e+32
69811200000.000	1.372242192e+32
69897600000.000	1.373682214e+32
69984000000.000	1.375170576e+32
70070400000.000	1.376730849e+32
70156800000.000	1.378411152e+32
70243200000.000	1.380329730e+32
70329600000.000	1.382875774e+32
70416000000.000	1.387966647e+32
70502400000.000	1.408405973e+32
70588800000.000	1.404383069e+32
70675200000.000	1.395396700e+32
70761600000.000	1.392762167e+32
70848000000.000	1.391959311e+32
70934400000.000	1.391957752e+32
71020800000.000	1.392384011e+32
71107200000.000	1.393067012e+32
71193600000.000	1.393916625e+32
71280000000.000	1.394880708e+32
71366400000.000	1.395927001e+32
71452800000.000	1.397034498e+32
71539200000.000	1.398188959e+32
71625600000.000	1.399380407e+32
71712000000.000	1.400601658e+32
71798400000.000	1.401847417e+32
71884800000.000	1.403113702e+32
71971200000.000	1.404397463e+32
72057600000.000	1.405696324e+32
72144000000.000	1.407008407e+32
72230400000.000	1.408332203e+32
72316800000.000	1.409666479e+32
72403200000.000	1.411010208e+32
72489600000.000	1.412362520e+32
72576000000.000	1.413722656e+32
72662400000.000	1.415089936e+32
72748800000.000	1.416463731e+32
72835200000.000	1.417843437e+32
72921600000.000	1.419228458e+32
73008000000.000	1.420618183e+32
73094400000.000	1.422011969e+32
73180800000.000	1.423409130e+32
73267200000.000	1.424808921e+32
73353600000.000	1.426210527e+32
73440000000.000	1.427613062e+32
73526400000.000	1.429015564e+32
73612800000.000	1.430417000e+32
73699200000.000	1.431816283e+32
73785600000.000	1.433212292e+32
73872000000.000	1.434603896e+32
73958400000.000	1.435990001e+32
74044800000.000	1.437369587e+32
74131200000.000	1.438741759e+32
74217600000.000	1.440105788e+32
74304000000.000	1.441461157e+32
74390400000.000	1.442807589e+32
74476800000.000	1.444145061e+32
74563200000.000	1.445473805e+32
74649600000.000	1.446794292e+32
74736000000.000	1.448107203e+32
74822400000.000	1.449413384e+32
74908800000.000	1.450713804e+32
74995200000.000	1.452009503e+32
75081600000.000	1.453301549e+32
75168000000.000	1.454590997e+32
75254400000.000	1.455878861e+32
75340800000.000	1.457166086e+32
75427200000.000	1.458453534e+32
75513600000.000	1.459741978e+32
75600000000.000	1.461032096e+32
75686400000.000	1.462324477e+32
75772800000.000	1.463619620e+32
75859200000.000	1.464917947e+32
75945600000.000	1.466219808e+32
76032000000.000	1.467525490e+32
76118400000.000	1.468835225e+32
76204800000.000	1.470149198e+32
76291200000.000	1.471467558e+32
76377600000.000	1.472790418e+32
76464000000.000	1.474117867e+32
76550400000.000	1.475449972e+32
76636800000.000	1.476786783e+32
76723200000.000	1.478128340e+32
76809600000.000	1.479474670e+32
76896000000.000	1.480825796e+32
76982400000.000	1.482181737e+32
77068800000.000	1.483542510e+32
77155200000.000	1.484908130e+32
77241600000.000	1.486278617e+32
77328000000.000	1.487653990e+32
77414400000.000	1.489034276e+32
77500800000.000	1.490419505e+32
77587200000.000	1.491809711e+32
77673600000.000	1.493204940e+32
77760000000.000	1.494605243e+32
77846400000.000	1.496010680e+32
77932800000.000	1.497421322e+32
78019200000.000	1.498837251e+32
78105600000.000	1.500258561e+32
78192000000.000	1.501685362e+32
78278400000.000	1.503117777e+32
78364800000.000	1.504555949e+32
78451200000.000	1.506000039e+32
78537600000.000	1.507450234e+32
78624000000.000	1.508906743e+32
78710400000.000	1.510369808e+32
78796800000.000	1.511839705e+32
78883200000.000	1.513316752e+32
78969600000.000	1.514801311e+32
79056000000.000	1.516293804e+32
79142400000.000	1.517794715e+32
79228800000.000	1.519304605e+32
79315200000.000	1.520824128e+32
79401600000.000	1.522354041e+32
79488000000.000	1.523895226e+32
79574400000.000	1.525448705e+32
79660800000.000	1.527015666e+32
79747200000.000	1.528597472e+32
79833600000.000	1.530195677e+32
79920000000.000	1.531812021e+32
80006400000.000	1.533448386e+32
80092800000.000	1.535106707e+32
80179200000.000	1.536788762e+32
80265600000.000	1.538495796e+32
80352000000.000	1.540227854e+32
80438400000.000	1.541982704e+32
80524800000.000	1.543754115e+32
80611200000.000	1.545527850e+32
80697600000.000	1.547261969e+32
80784000000.000	1.548777931e+32
80870400000.000	1.555808632e+32
80956800000.000	1.576941346e+32
81043200000.000	1.569155525e+32
81129600000.000	1.563779615e+32
81216000000.000	1.562168569e+32
81302400000.000	1.562047651e+32
81388800000.000	1.562680429e+32
81475200000.000	1.563778937e+32
81561600000.000	1.565213681e+32
81648000000.000	1.566915831e+32
81734400000.000	1.568830257e+32
81820800000.000	1.570880310e+32
81907200000.000	1.572940687e+32
81993600000.000	1.574845398e+32
82080000000.000	1.576459326e+32
82166400000.000	1.577761685e+32
82252800000.000	1.578840579e+32
82339200000.000	1.579814515e+32
82425600000.000	1.580774717e+32
82512000000.000	1.581774704e+32
82598400000.000	1.582841176e+32
82684800000.000	1.583986106e+32
82771200000.000	1.585214548e+32
82857600000.000	1.586528682e+32
82944000000.000	1.587929348e+32
83030400000.000	1.589415783e+32
83116800000.000	1.590983512e+32
83203200000.000	1.592619623e+32
83289600000.000	1.594294085e+32
83376000000.000	1.595946314e+32
83462400000.000	1.597471065e+32
83548800000.000	1.598720922e+32
83635200000.000	1.599554714e+32
83721600000.000	1.599928269e+32
83808000000.000	1.599943172e+32
83894400000.000	1.599786235e+32
83980800000.000	1.599629649e+32
84067200000.000	1.599585576e+32
84153600000.000	1.599718102e+32
84240000000.000	1.600066529e+32
84326400000.000	1.600634257e+32
84412800000.000	1.601402115e+32
84499200000.000	1.602348089e+32
84585600000.000	1.603440122e+32
84672000000.000	1.604639777e+32
84758400000.000	1.605912922e+32
84844800000.000	1.607234978e+32
84931200000.000	1.608590140e+32
85017600000.000	1.609968717e+32
85104000000.000	1.611364849e+32
85190400000.000	1.612774992e+32
85276800000.000	1.614197005e+32
85363200000.000	1.615629610e+32
85449600000.000	1.617072080e+32
85536000000.000	1.618524045e+32
85622400000.000	1.619985383e+32
85708800000.000	1.621456145e+32
85795200000.000	1.622936518e+32
85881600000.000	1.624426800e+32
85968000000.000	1.625927381e+32
86054400000.000	1.627438742e+32
86140800000.000	1.628961453e+32
86227200000.000	1.630496176e+32
86313600000.000	1.632043675e+32
86400000000.000	1.633604827e+32
86486400000.000	1.635180636e+32
86572800000.000	1.636772262e+32
86659200000.000	1.638381040e+32
86745600000.000	1.640008521e+32
86832000000.000	1.641656515e+32
86918400000.000	1.643327150e+32
87004800000.000	1.645022947e+32
87091200000.000	1.646746920e+32
87177600000.000	1.648502711e+32
87264000000.000	1.650294767e+32
87350400000.000	1.652128593e+32
87436800000.000	1.654011108e+32
87523200000.000	1.655951151e+32
87609600000.000	1.657960246e+32
87696000000.000	1.660053783e+32
87782400000.000	1.662252891e+32
87868800000.000	1.664587595e+32
87955200000.000	1.667102381e+32
88041600000.000	1.669866683e+32
88128000000.000	1.672996006e+32
88214400000.000	1.676697028e+32
88300800000.000	1.681356250e+32
88387200000.000	1.687463449e+32
88473600000.000	1.692451483e+32
88560000000.000	1.691732554e+32
88646400000.000	1.692035211e+32
88732800000.000	1.695746344e+32
88819200000.000	1.709464307e+32
88905600000.000	1.707374773e+32
88992000000.000	1.696076007e+32
89078400000.000	1.692545272e+32
89164800000.000	1.690966467e+32
89251200000.000	1.690267879e+32
89337600000.000	1.690066402e+32
89424000000.000	1.690182268e+32
89510400000.000	1.690517002e+32
89596800000.000	1.691010935e+32
89683200000.000	1.691625252e+32
89769600000.000	1.692333331e+32
89856000000.000	1.693116157e+32
89942400000.000	1.693959703e+32
90028800000.000	1.694853348e+32
90115200000.000	1.695788883e+32
90201600000.000	1.696759849e+32
90288000000.000	1.697761097e+32
90374400000.000	1.698788477e+32
90460800000.000	1.699838612e+32
90547200000.000	1.700908743e+32
90633600000.000	1.701996604e+32
90720000000.000	1.703100330e+32
90806400000.000	1.704218387e+32
90892800000.000	1.705349518e+32
90979200000.000	1.706492694e+32
91065600000.000	1.707647079e+32
91152000000.000	1.708811999e+32
91238400000.000	1.709986919e+32
91324800000.000	1.711171417e+32
91411200000.000	1.712365168e+32
91497600000.000	1.713567928e+32
91584000000.000	1.714779516e+32
91670400000.000	1.715999808e+32
91756800000.000	1.717228724e+32
91843200000.000	1.718466216e+32
91929600000.000	1.719712267e+32
92016000000.000	1.720966877e+32
92102400000.000	1.722230066e+32
92188800000.000	1.723501863e+32
92275200000.000	1.724782306e+32
92361600000.000	1.726071441e+32
92448000000.000	1.727369315e+32
92534400000.000	1.728675981e+32
92620800000.000	1.729991493e+32
92707200000.000	1.731315908e+32
92793600000.000	1.732649285e+32
92880000000.000	1.733991684e+32
92966400000.000	1.735343169e+32
93052800000.000	1.736703802e+32
93139200000.000	1.738073651e+32
93225600000.000	1.739452781e+32
93312000000.000	1.740841255e+32
93398400000.000	1.742239131e+32
93484800000.000	1.743646458e+32
93571200000.000	1.745063266e+32
93657600000.000	1.746489557e+32
93744000000.000	1.747925294e+32
93830400000.000	1.749370377e+32
93916800000.000	1.750824626e+32
94003200000.000	1.752287745e+32
94089600000.000	1.753759288e+32
94176000000.000	1.755238611e+32
94262400000.000	1.756724823e+32
94348800000.000	1.758216729e+32
94435200000.000	1.759712780e+32
94521600000.000	1.761211032e+32
94608000000.000	1.762709141e+32
94694400000.000	1.764204394e+32
94780800000.000	1.765693817e+32
94867200000.000	1.767174357e+32
94953600000.000	1.768643136e+32
95040000000.000	1.770097763e+32
95126400000.000	1.771536630e+32
95212800000.000	1.772959148e+32
95299200000.000	1.774365846e+32
95385600000.000	1.775758307e+32
95472000000.000	1.777138965e+32
95558400000.000	1.778510805e+32
95644800000.000	1.779877040e+32
95731200000.000	1.781240829e+32
95817600000.000	1.782605066e+32
95904000000.000	1.783972259e+32
95990400000.000	1.785344478e+32
96076800000.000	1.786723372e+32
96163200000.000	1.788110209e+32
96249600000.000	1.789505949e+32
96336000000.000	1.790911323e+32
96422400000.000	1.792326911e+32
96508800000.000	1.793753238e+32
96595200000.000	1.795190867e+32
96681600000.000	1.796640518e+32
96768000000.000	1.798103219e+32
96854400000.000	1.799580514e+32
96940800000.000	1.801074739e+32
97027200000.000	1.802589395e+32
97113600000.000	1.804129573e+32
97200000000.000	1.805702305e+32
97286400000.000	1.807316564e+32
97372800000.000	1.808982648e+32
97459200000.000	1.810711205e+32
97545600000.000	1.812512870e+32
97632000000.000	1.814399479e+32
97718400000.000	1.816386914e+32
97804800000.000	1.818499266e+32
97891200000.000	1.820774864e+32
97977600000.000	1.823276387e+32
98064000000.000	1.826109985e+32
98150400000.000	1.829463807e+32
98236800000.000	1.833682141e+32
98323200000.000	1.839313354e+32
98409600000.000	1.845997327e+32
98496000000.000	1.848358675e+32
98582400000.000	1.846333066e+32
98668800000.000	1.844754750e+32
98755200000.000	1.844126270e+32
98841600000.000	1.844112307e+32
98928000000.000	1.844474963e+32
99014400000.000	1.845077728e+32
99100800000.000	1.845841060e+32
99187200000.000	1.846716477e+32
99273600000.000	1.847673065e+32
99360000000.000	1.848690327e+32
99446400000.000	1.849754209e+32
99532800000.000	1.850854807e+32
99619200000.000	1.851984968e+32
99705600000.000	1.853139420e+32
99792000000.000	1.854314207e+32
99878400000.000	1.855506310e+32
99964800000.000	1.856713395e+32
100051200000.000	1.857933630e+32
100137600000.000	1.859165558e+32
100224000000.000	1.860408011e+32
100310400000.000	1.861660037e+32
100396800000.000	1.862920856e+32
100483200000.000	1.864189821e+32
100569600000.000	1.865466390e+32
100656000000.000	1.866750107e+32
100742400000.000	1.868040582e+32
100828800000.000	1.869337485e+32
100915200000.000	1.870640528e+32
101001600000.000	1.871949466e+32
101088000000.000	1.873264084e+32
101174400000.000	1.874584194e+32
101260800000.000	1.875909635e+32
101347200000.000	1.877240265e+32
101433600000.000	1.878575959e+32
101520000000.000	1.879916609e+32
101606400000.000	1.881262121e+32
101692800000.000	1.882612413e+32
101779200000.000	1.883967412e+32
101865600000.000	1.885327054e+32
101952000000.000	1.886691285e+32
102038400000.000	1.888060053e+32
102124800000.000	1.889433313e+32
102211200000.000	1.890811022e+32
102297600000.000	1.892193136e+32
102384000000.000	1.893579614e+32
102470400000.000	1.894970408e+32
102556800000.000	1.896365468e+32
102643200000.000	1.897764733e+32
102729600000.000	1.899168136e+32
102816000000.000	1.900575596e+32
102902400000.000	1.901987017e+32
102988800000.000	1.903402288e+32
103075200000.000	1.904821279e+32
103161600000.000	1.906243842e+32
103248000000.000	1.907669806e+32
103334400000.000	1.909098984e+32
103420800000.000	1.910531171e+32
103507200000.000	1.911966148e+32
103593600000.000	1.913403689e+32
103680000000.000	1.914843566e+32
103766400000.000	1.916285558e+32
103852800000.000	1.917729460e+32
103939200000.000	1.919175098e+32
104025600000.000	1.920622332e+32
104112000000.000	1.922071073e+32
104198400000.000	1.923521291e+32
104284800000.000	1.924973018e+32
104371200000.000	1.926426359e+32
104457600000.000	1.927881491e+32
104544000000.000	1.929338666e+32
104630400000.000	1.930798214e+32
104716800000.000	1.932260544e+32
104803200000.000	1.933726144e+32
104889600000.000	1.935195600e+32
104976000000.000	1.936669604e+32
105062400000.000	1.938148986e+32
105148800000.000	1.939634758e+32
105235200000.000	1.941128175e+32
105321600000.000	1.942630837e+32
105408000000.000	1.944144821e+32
105494400000.000	1.945672886e+32
105580800000.000	1.947218766e+32
105667200000.000	1.948787593e+32
105753600000.000	1.950386526e+32
105840000000.000	1.952025671e+32
105926400000.000	1.953719469e+32
106012800000.000	1.955488832e+32
106099200000.000	1.957364650e+32
106185600000.000	1.959394262e+32
106272000000.000	1.961655220e+32
106358400000.000	1.964289713e+32
106444800000.000	1.967609446e+32
106531200000.000	1.972539665e+32
106617600000.000	1.984893648e+32
106704000000.000	1.983899436e+32
106790400000.000	1.975660155e+32
106876800000.000	1.973710469e+32
106963200000.000	1.973260370e+32
107049600000.000	1.973479225e+32
107136000000.000	1.974097785e+32
107222400000.000	1.975011814e+32
107308800000.000	1.976161168e+32
107395200000.000	1.977475655e+32
107481600000.000	1.978891069e+32
107568000000.000	1.980370177e+32
107654400000.000	1.981896776e+32
107740800000.000	1.983466199e+32
107827200000.000	1.985080494e+32
107913600000.000	1.986746923e+32
108000000000.000	1.988478491e+32
108086400000.000	1.990296381e+32
108172800000.000	1.992235413e+32
108259200000.000	1.994355972e+32
108345600000.000	1.996772638e+32
108432000000.000	1.999735428e+32
108518400000.000	2.003933925e+32
108604800000.000	2.012502793e+32
108691200000.000	2.038110282e+32
108777600000.000	2.013184701e+32
108864000000.000	2.009694727e+32
108950400000.000	2.008748620e+32
109036800000.000	2.008726058e+32
109123200000.000	2.009160564e+32
109209600000.000	2.009860751e+32
109296000000.000	2.010731850e+32
109382400000.000	2.011720938e+32
109468800000.000	2.012795816e+32
109555200000.000	2.013935553e+32
109641600000.000	2.015125842e+32
109728000000.000	2.016356519e+32
109814400000.000	2.017620159e+32
109900800000.000	2.018911218e+32
109987200000.000	2.020225479e+32
110073600000.000	2.021559679e+32
110160000000.000	2.022911264e+32
110246400000.000	2.024278205e+32
110332800000.000	2.025658875e+32
110419200000.000	2.027051960e+32
110505600000.000	2.028456390e+32
110592000000.000	2.029871289e+32
110678400000.000	2.031295939e+32
110764800000.000	2.032729754e+32
110851200000.000	2.034172252e+32
110937600000.000	2.035623043e+32
111024000000.000	2.037081815e+32
111110400000.000	2.038548322e+32
111196800000.000	2.040022377e+32
111283200000.000	2.041503847e+32
111369600000.000	2.042992647e+32
111456000000.000	2.044488736e+32
111542400000.000	2.045992116e+32
111628800000.000	2.047502829e+32
111715200000.000	2.049020959e+32
111801600000.000	2.050546629e+32
111888000000.000	2.052080005e+32
111974400000.000	2.053621295e+32
112060800000.000	2.055170755e+32
112147200000.000	2.056728691e+32
112233600000.000	2.058295466e+32
112320000000.000	2.059871505e+32
112406400000.000	2.061457306e+32
112492800000.000	2.063053450e+32
112579200000.000	2.064660617e+32
112665600000.000	2.066279606e+32
112752000000.000	2.067911357e+32
112838400000.000	2.069556988e+32
112924800000.000	2.071217838e+32
113011200000.000	2.072895526e+32
113097600000.000	2.074592035e+32
113184000000.000	2.076309826e+32
113270400000.000	2.078052007e+32
113356800000.000	2.079822575e+32
113443200000.000	2.081626786e+32
113529600000.000	2.083471733e+32
113616000000.000	2.085367293e+32
113702400000.000	2.087327735e+32
113788800000.000	2.089374676e+32
113875200000.000	2.091542891e+32
113961600000.000	2.093893052e+32
114048000000.000	2.096544043e+32
114134400000.000	2.099775493e+32
114220800000.000	2.104512913e+32
114307200000.000	2.120224701e+32
114393600000.000	2.211106686e+32
114480000000.000	2.214065068e+32
114566400000.000	2.217028121e+32
114652800000.000	2.219995358e+32
114739200000.000	2.222965839e+32
114825600000.000	2.225937831e+32
114912000000.000	2.228908468e+32
114998400000.000	2.231873752e+32
115084800000.000	2.234829325e+32
115171200000.000	2.237771979e+32
115257600000.000	2.240700919e+32
115344000000.000	2.243617713e+32
115430400000.000	2.246525135e+32
115516800000.000	2.249425974e+32
115603200000.000	2.252322469e+32
115689600000.000	2.255216255e+32
115776000000.000	2.258108547e+32
115862400000.000	2.261000334e+32
115948800000.000	2.263892542e+32
116035200000.000	2.266786146e+32
116121600000.000	2.269682248e+32
116208000000.000	2.272582148e+32
116294400000.000	2.275487414e+32
116380800000.000	2.278399959e+32
116467200000.000	2.281322158e+32
116553600000.000	2.284257004e+32
116640000000.000	2.287208340e+32
116726400000.000	2.290181231e+32
116812800000.000	2.293182603e+32
116899200000.000	2.296222397e+32
116985600000.000	2.299315992e+32
117072000000.000	2.302489934e+32
117158400000.000	2.305797975e+32
117244800000.000	2.309371277e+32
117331200000.000	2.313538319e+32
117417600000.000	2.318847806e+32
117504000000.000	2.326173995e+32
117590400000.000	2.339399517e+32
117676800000.000	2.529237149e+32
117763200000.000	2.536271245e+32
117849600000.000	2.563652192e+32
117936000000.000	2.536102620e+32
118022400000.000	2.532814825e+32
118108800000.000	2.531887446e+32
118195200000.000	2.531845808e+32
118281600000.000	2.532254799e+32
118368000000.000	2.532923776e+32
118454400000.000	2.533752940e+32
118540800000.000	2.534685230e+32
118627200000.000	2.535683666e+32
118713600000.000	2.536716925e+32
118800000000.000	2.537751862e+32
118886400000.000	2.538763189e+32
118972800000.000	2.539826707e+32
119059200000.000	2.541574436e+32
119145600000.000	2.545059670e+32
119232000000.000	2.549321704e+32
119318400000.000	2.552916279e+32
119404800000.000	2.555301058e+32
119491200000.000	2.556752002e+32
119577600000.000	2.557755451e+32
119664000000.000	2.558636672e+32
119750400000.000	2.559547732e+32
119836800000.000	2.560541102e+32
119923200000.000	2.561620221e+32
120009600000.000	2.562764545e+32
120096000000.000	2.563942265e+32
120182400000.000	2.565119077e+32
120268800000.000	2.566265775e+32
120355200000.000	2.567363578e+32
120441600000.000	2.568404782e+32
120528000000.000	2.569387502e+32
120614400000.000	2.570306375e+32
120700800000.000	2.571148339e+32
120787200000.000	2.571909942e+32
120873600000.000	2.572623157e+32
120960000000.000	2.573341131e+32
121046400000.000	2.574101990e+32
121132800000.000	2.574919917e+32
121219200000.000	2.575795009e+32
121305600000.000	2.576722096e+32
121392000000.000	2.577694899e+32
121478400000.000	2.578707504e+32
121564800000.000	2.579754753e+32
121651200000.000	2.580832251e+32
121737600000.000	2.581936291e+32
121824000000.000	2.583063784e+32
121910400000.000	2.584212230e+32
121996800000.000	2.585379739e+32
122083200000.000	2.586565031e+32
122169600000.000	2.587767381e+32
122256000000.000	2.588986420e+32
122342400000.000	2.590221751e+32
122428800000.000	2.591472414e+32
122515200000.000	2.592736414e+32
122601600000.000	2.594010953e+32
122688000000.000	2.595294197e+32
122774400000.000	2.596588146e+32
122860800000.000	2.597899794e+32
122947200000.000	2.599238861e+32
123033600000.000	2.600614762e+32
123120000000.000	2.602035850e+32
123206400000.000	2.603510819e+32
123292800000.000	2.605051148e+32
123379200000.000	2.606674630e+32
123465600000.000	2.608411790e+32
123552000000.000	2.610320868e+32
123638400000.000	2.612532156e+32
123724800000.000	2.615433400e+32
123811200000.000	2.621417560e+32
123897600000.000	2.622438160e+32
123984000000.000	2.619830751e+32
124070400000.000	2.619949542e+32
124156800000.000	2.620729477e+32
124243200000.000	2.621812376e+32
124329600000.000	2.623075951e+32
124416000000.000	2.624464234e+32
124502400000.000	2.625945427e+32
124588800000.000	2.627496994e+32
124675200000.000	2.629099163e+32
124761600000.000	2.630732231e+32
124848000000.000	2.632376867e+32
124934400000.000	2.634017902e+32
125020800000.000	2.635652493e+32
125107200000.000	2.637304307e+32
125193600000.000	2.639052054e+32
125280000000.000	2.641119673e+32
125366400000.000	2.644419408e+32
125452800000.000	2.653094117e+32
125539200000.000	2.645412202e+32
125625600000.000	2.644508982e+32
125712000000.000	2.644506649e+32
125798400000.000	2.644836468e+32
125884800000.000	2.645340968e+32
125971200000.000	2.645956762e+32
126057600000.000	2.646652396e+32
126144000000.000	2.647409876e+32
126230400000.000	2.648217760e+32
126316800000.000	2.649068171e+32
126403200000.000	2.649955353e+32
126489600000.000	2.650874903e+32
126576000000.000	2.651823344e+32
126662400000.000	2.652797857e+32
126748800000.000	2.653796118e+32
126835200000.000	2.654816181e+32
126921600000.000	2.655856398e+32
127008000000.000	2.656915362e+32
127094400000.000	2.657991860e+32
127180800000.000	2.659084836e+32
127267200000.000	2.660193361e+32
127353600000.000	2.661316607e+32
127440000000.000	2.662453823e+32
127526400000.000	2.663604309e+32
127612800000.000	2.664767391e+32
127699200000.000	2.665942397e+32
127785600000.000	2.667128629e+32
127872000000.000	2.668325332e+32
127958400000.000	2.669531670e+32
128044800000.000	2.670746711e+32
128131200000.000	2.671969431e+32
128217600000.000	2.673198754e+32
128304000000.000	2.674433623e+32
128390400000.000	2.675673097e+32
128476800000.000	2.676916399e+32
128563200000.000	2.678162853e+32
128649600000.000	2.679411600e+32
128736000000.000	2.680661070e+32
128822400000.000	2.681908269e+32
128908800000.000	2.683148006e+32
128995200000.000	2.684372241e+32
129081600000.000	2.685569962e+32
129168000000.000	2.686728488e+32
129254400000.000	2.687838584e+32
129340800000.000	2.688910266e+32
129427200000.000	2.690025499e+32
129513600000.000	2.691529317e+32
129600000000.000	2.694107581e+32
129686400000.000	2.697643888e+32
129772800000.000	2.701763216e+32
129859200000.000	2.706194792e+32
129945600000.000	2.710707154e+32
130032000000.000	2.715217307e+32
130118400000.000	2.719706420e+32
130204800000.000	2.724174378e+32
130291200000.000	2.728625818e+32
130377600000.000	2.733065849e+32
130464000000.000	2.737498786e+32
130550400000.000	2.741927884e+32
130636800000.000	2.746355431e+32
130723200000.000	2.750782979e+32
130809600000.000	2.755211577e+32
130896000000.000	2.759641940e+32
130982400000.000	2.764074557e+32
131068800000.000	2.768509762e+32
131155200000.000	2.772947770e+32
131241600000.000	2.777388708e+32
131328000000.000	2.781832638e+32
131414400000.000	2.786279575e+32
131500800000.000	2.790729496e+32
131587200000.000	2.795182352e+32
131673600000.000	2.799638074e+32
131760000000.000	2.804096582e+32
131846400000.000	2.808557785e+32
131932800000.000	2.813021583e+32
132019200000.000	2.817487877e+32
132105600000.000	2.821956559e+32
132192000000.000	2.826427525e+32
132278400000.000	2.830900665e+32
132364800000.000	2.835375873e+32
132451200000.000	2.839853040e+32
132537600000.000	2.844332059e+32
132624000000.000	2.848812821e+32
132710400000.000	2.853295220e+32
132796800000.000	2.857779150e+32
132883200000.000	2.862264502e+32
132969600000.000	2.866751173e+32
133056000000.000	2.871239055e+32
133142400000.000	2.875728043e+32
133228800000.000	2.880218031e+32
133315200000.000	2.884708914e+32
133401600000.000	2.889200587e+32
133488000000.000	2.893692944e+32
133574400000.000	2.898185879e+32
133660800000.000	2.902679286e+32
133747200000.000	2.907173061e+32
133833600000.000	2.911667096e+32
133920000000.000	2.916161285e+32
134006400000.000	2.920655521e+32
134092800000.000	2.925149697e+32
134179200000.000	2.929643703e+32
134265600000.000	2.934137431e+32
134352000000.000	2.938630770e+32
134438400000.000	2.943123608e+32
134524800000.000	2.947615832e+32
134611200000.000	2.952107325e+32
134697600000.000	2.956597971e+32
134784000000.000	2.961087653e+32
134870400000.000	2.965576252e+32
134956800000.000	2.970063653e+32
135043200000.000	2.974549745e+32
135129600000.000	2.979034425e+32
135216000000.000	2.983517601e+32
135302400000.000	2.987999200e+32
135388800000.000	2.992479168e+32
135475200000.000	2.996957479e+32
135561600000.000	3.001434129e+32
135648000000.000	3.005909145e+32
135734400000.000	3.010382575e+32
135820800000.000	3.014854487e+32
135907200000.000	3.019324963e+32
135993600000.000	3.023794095e+32
136080000000.000	3.028261980e+32
136166400000.000	3.032728719e+32
136252800000.000	3.037194415e+32
136339200000.000	3.041659174e+32
136425600000.000	3.046123107e+32
136512000000.000	3.050586337e+32
136598400000.000	3.055048995e+32
136684800000.000	3.059511230e+32
136771200000.000	3.063973212e+32
136857600000.000	3.068435137e+32
136944000000.000	3.072897232e+32
137030400000.000	3.077359763e+32
137116800000.000	3.081823039e+32
137203200000.000	3.086287426e+32
137289600000.000	3.090753352e+32
137376000000.000	3.095221323e+32
137462400000.000	3.099691934e+32
137548800000.000	3.104165881e+32
137635200000.000	3.108643969e+32
137721600000.000	3.113127090e+32
137808000000.000	3.117616142e+32
137894400000.000	3.122111798e+32
137980800000.000	3.126613899e+32
138067200000.000	3.131120097e+32
138153600000.000	3.135623477e+32
138240000000.000	3.140111074e+32
138326400000.000	3.144571267e+32
138412800000.000	3.149013297e+32
138499200000.000	3.153470544e+32
138585600000.000	3.157975266e+32
138672000000.000	3.162545266e+32
138758400000.000	3.167191220e+32
138844800000.000	3.171925727e+32
138931200000.000	3.176768686e+32
139017600000.000	3.181751900e+32
139104000000.000	3.186926492e+32
139190400000.000	3.192378151e+32
139276800000.000	3.198261688e+32
139363200000.000	3.204887853e+32
139449600000.000	3.212959700e+32
139536000000.000	3.223859422e+32
139622400000.000	3.231595818e+32
139708800000.000	3.229118990e+32
139795200000.000	3.228977588e+32
139881600000.000	3.230766109e+32
139968000000.000	3.233501754e+32
140054400000.000	3.236755882e+32
140140800000.000	3.240325087e+32
140227200000.000	3.244101227e+32
140313600000.000	3.248021708e+32
140400000000.000	3.252048996e+32
140486400000.000	3.256165489e+32
140572800000.000	3.260392977e+32
140659200000.000	3.264753704e+32
140745600000.000	3.269196043e+32
140832000000.000	3.273696925e+32
140918400000.000	3.278250729e+32
141004800000.000	3.282856766e+32
141091200000.000	3.287517058e+32
141177600000.000	3.292235960e+32
141264000000.000	3.297020310e+32
141350400000.000	3.301879878e+32
141436800000.000	3.306828052e+32
141523200000.000	3.311882697e+32
141609600000.000	3.317066841e+32
141696000000.000	3.322407998e+32
141782400000.000	3.327932321e+32
141868800000.000	3.333643029e+32
141955200000.000	3.339461626e+32
142041600000.000	3.345128832e+32
142128000000.000	3.350219919e+32
142214400000.000	3.354514730e+32
142300800000.000	3.358257448e+32
142387200000.000	3.361822671e+32
142473600000.000	3.365426866e+32
142560000000.000	3.369143361e+32
142646400000.000	3.372980592e+32
142732800000.000	3.376925899e+32
142819200000.000	3.380962499e+32
142905600000.000	3.385074897e+32
142992000000.000	3.389250154e+32
143078400000.000	3.393477824e+32
143164800000.000	3.397749544e+32
143251200000.000	3.402058604e+32
143337600000.000	3.406399595e+32
143424000000.000	3.410768122e+32
143510400000.000	3.415160603e+32
143596800000.000	3.419574117e+32
143683200000.000	3.424006293e+32
143769600000.000	3.428455231e+32
143856000000.000	3.432919433e+32
143942400000.000	3.437397762e+32
144028800000.000	3.441889391e+32
144115200000.000	3.446393773e+32
144201600000.000	3.450910614e+32
144288000000.000	3.455439857e+32
144374400000.000	3.459981669e+32
144460800000.000	3.464536447e+32
144547200000.000	3.469104831e+32
144633600000.000	3.473687726e+32
144720000000.000	3.478286343e+32
144806400000.000	3.482902263e+32
144892800000.000	3.487537514e+32
144979200000.000	3.492194691e+32
145065600000.000	3.496877114e+32
145152000000.000	3.501589057e+32
145238400000.000	3.506336069e+32
145324800000.000	3.511125435e+32
145411200000.000	3.515966866e+32
145497600000.000	3.520873534e+32
145584000000.000	3.525863714e+32
145670400000.000	3.530963627e+32
145756800000.000	3.536213044e+32
145843200000.000	3.541678359e+32
145929600000.000	3.547485264e+32
146016000000.000	3.553889993e+32
146102400000.000	3.561345398e+32
146188800000.000	3.569687787e+32
146275200000.000	3.574376728e+32
146361600000.000	3.575114622e+32
146448000000.000	3.576427137e+32
146534400000.000	3.578734232e+32
146620800000.000	3.581682561e+32
146707200000.000	3.585030293e+32
146793600000.000	3.588638654e+32
146880000000.000	3.592425904e+32
146966400000.000	3.596341405e+32
147052800000.000	3.600352238e+32
147139200000.000	3.604436098e+32
147225600000.000	3.608577346e+32
147312000000.000	3.612764704e+32
147398400000.000	3.616989858e+32
147484800000.000	3.621246575e+32
147571200000.000	3.625530122e+32
147657600000.000	3.629836881e+32
147744000000.000	3.634164071e+32
147830400000.000	3.638509557e+32
147916800000.000	3.642871701e+32
148003200000.000	3.647249259e+32
148089600000.000	3.651641296e+32
148176000000.000	3.656047127e+32
148262400000.000	3.660466265e+32
148348800000.000	3.664898390e+32
148435200000.000	3.669343319e+32
148521600000.000	3.673800984e+32
148608000000.000	3.678271416e+32
148694400000.000	3.682754724e+32
148780800000.000	3.687251076e+32
148867200000.000	3.691760673e+32
148953600000.000	3.696283709e+32
149040000000.000	3.700820309e+32
149126400000.000	3.705370427e+32
149212800000.000	3.709933677e+32
149299200000.000	3.714509054e+32
149385600000.000	3.719094444e+32
149472000000.000	3.723685788e+32
149558400000.000	3.728275617e+32
149644800000.000	3.732850454e+32
149731200000.000	3.737386276e+32
149817600000.000	3.741840783e+32
149904000000.000	3.746141719e+32
149990400000.000	3.750176230e+32
150076800000.000	3.753832630e+32
150163200000.000	3.758454091e+32
150249600000.000	3.765608335e+32
150336000000.000	3.772368366e+32
150422400000.000	3.778496363e+32
150508800000.000	3.784192095e+32
150595200000.000	3.789751670e+32
150681600000.000	3.795470730e+32
150768000000.000	3.801702198e+32
150854400000.000	3.809106528e+32
150940800000.000	3.819707693e+32
151027200000.000	3.840342356e+32
151113600000.000	3.830172536e+32
151200000000.000	3.826506677e+32
151286400000.000	3.827091982e+32
151372800000.000	3.829154096e+32
151459200000.000	3.831927088e+32
151545600000.000	3.835110710e+32
151632000000.000	3.838560736e+32
151718400000.000	3.842198647e+32
151804800000.000	3.845978346e+32
151891200000.000	3.849872021e+32
151977600000.000	3.853863807e+32
152064000000.000	3.857947459e+32
152150400000.000	3.862126980e+32
152236800000.000	3.866420734e+32
152323200000.000	3.870870158e+32
152409600000.000	3.875546598e+32
152496000000.000	3.880494509e+32
152582400000.000	3.885488085e+32
152668800000.000	3.890118057e+32
152755200000.000	3.894429173e+32
152841600000.000	3.898643342e+32
152928000000.000	3.902858148e+32
153014400000.000	3.907098414e+32
153100800000.000	3.911367179e+32
153187200000.000	3.915662137e+32
153273600000.000	3.919979991e+32
153360000000.000	3.924317533e+32
153446400000.000	3.928671882e+32
153532800000.000	3.933040522e+32
153619200000.000	3.937421286e+32
153705600000.000	3.941812339e+32
153792000000.000	3.946212145e+32
153878400000.000	3.950619429e+32
153964800000.000	3.955033145e+32
154051200000.000	3.959452439e+32
154137600000.000	3.963876618e+32
154224000000.000	3.968305123e+32
154310400000.000	3.972737510e+32
154396800000.000	3.977173429e+32
154483200000.000	3.981612616e+32
154569600000.000	3.986054873e+32
154656000000.000	3.990500070e+32
154742400000.000	3.994948131e+32
154828800000.000	3.999399033e+32
154915200000.000	4.003852803e+32
155001600000.000	4.008309513e+32
155088000000.000	4.012769279e+32
155174400000.000	4.017232261e+32
155260800000.000	4.021698664e+32
155347200000.000	4.026168734e+32
155433600000.000	4.030642763e+32
155520000000.000	4.035121089e+32
155606400000.000	4.039604097e+32
155692800000.000	4.044092228e+32
155779200000.000	4.048585976e+32
155865600000.000	4.053085902e+32
155952000000.000	4.057592640e+32
156038400000.000	4.062106911e+32
156124800000.000	4.066629541e+32
156211200000.000	4.071161485e+32
156297600000.000	4.075703862e+32
156384000000.000	4.080258006e+32
156470400000.000	4.084825534e+32
156556800000.000	4.089408456e+32
156643200000.000	4.094009332e+32
156729600000.000	4.098631521e+32
156816000000.000	4.103279583e+32
156902400000.000	4.107959928e+32
156988800000.000	4.112681938e+32
157075200000.000	4.117459916e+32
157161600000.000	4.122316559e+32
157248000000.000	4.127289117e+32
157334400000.000	4.132439720e+32
157420800000.000	4.137870471e+32
157507200000.000	4.143741305e+32
157593600000.000	4.150294405e+32
