0.000	-5.421420732e+19
86400000.000	-5.421420732e+19
172800000.000	-5.421420732e+19
259200000.000	-5.421420732e+19
345600000.000	-5.421420732e+19
432000000.000	-5.421420732e+19
518400000.000	-5.421420732e+19
604800000.000	-5.421420732e+19
691200000.000	-5.421420732e+19
777600000.000	-5.421420732e+19
864000000.000	-5.421420732e+19
950400000.000	-5.421420732e+19
1036800000.000	-5.421420732e+19
1123200000.000	-5.421420732e+19
1209600000.000	-5.421420732e+19
1296000000.000	-5.421420732e+19
1382400000.000	-5.421420732e+19
1468800000.000	-5.421420732e+19
1555200000.000	-5.421420732e+19
1641600000.000	-5.421420732e+19
1728000000.000	-5.421420732e+19
1814400000.000	-5.421420732e+19
1900800000.000	-5.421420732e+19
1987200000.000	-5.421420732e+19
2073600000.000	-5.421420732e+19
2160000000.000	-5.421420732e+19
2246400000.000	-5.421420731e+19
2332800000.000	-5.421420731e+19
2419200000.000	-5.421420730e+19
2505600000.000	-5.421420730e+19
2592000000.000	-5.421420729e+19
2678400000.000	-5.421420727e+19
2764800000.000	-5.421420726e+19
2851200000.000	-5.421420726e+19
2937600000.000	-5.421420722e+19
3024000000.000	-5.421420509e+19
3110400000.000	-5.421436428e+19
3196800000.000	-5.421420570e+19
3283200000.000	-5.421420703e+19
3369600000.000	-5.421420721e+19
3456000000.000	-5.421420726e+19
3542400000.000	-5.421420728e+19
3628800000.000	-5.421420729e+19
3715200000.000	-5.421420730e+19
3801600000.000	-5.421420730e+19
3888000000.000	-5.421420730e+19
3974400000.000	-5.421420730e+19
4060800000.000	-5.421420731e+19
4147200000.000	-5.421420734e+19
4233600000.000	-5.421420740e+19
4320000000.000	-5.421420745e+19
4406400000.000	-5.421420744e+19
4492800000.000	-5.421420737e+19
4579200000.000	-5.421420733e+19
4665600000.000	-5.421420731e+19
4752000000.000	-5.421420731e+19
4838400000.000	-5.421420731e+19
4924800000.000	-5.421420731e+19
5011200000.000	-5.421420731e+19
5097600000.000	-5.421420732e+19
5184000000.000	-5.421420732e+19
5270400000.000	-5.421420732e+19
5356800000.000	-5.421420732e+19
5443200000.000	-5.421420732e+19
5529600000.000	-5.421420732e+19
5616000000.000	-5.421420732e+19
5702400000.000	-5.421420732e+19
5788800000.000	-5.421420732e+19
5875200000.000	-5.421420732e+19
5961600000.000	-5.421420732e+19
6048000000.000	-5.421420732e+19
6134400000.000	-5.421420732e+19
6220800000.000	-5.421420732e+19
6307200000.000	-5.421420732e+19
6393600000.000	-5.421420732e+19
6480000000.000	-5.421420732e+19
6566400000.000	-5.421420732e+19
6652800000.000	-5.421420732e+19
6739200000.000	-5.421420732e+19
6825600000.000	-5.421420732e+19
6912000000.000	-5.421420732e+19
6998400000.000	-5.421420732e+19
7084800000.000	-5.421420732e+19
7171200000.000	-5.421420732e+19
7257600000.000	-5.421420732e+19
7344000000.000	-5.421420732e+19
7430400000.000	-5.421420732e+19
7516800000.000	-5.421420732e+19
7603200000.000	-5.421420732e+19
7689600000.000	-5.421420732e+19
7776000000.000	-5.421420731e+19
7862400000.000	-5.421420731e+19
7948800000.000	-5.421420730e+19
8035200000.000	-5.421420728e+19
8121600000.000	-5.421420721e+19
8208000000.000	-5.421420696e+19
8294400000.000	-5.421420367e+19
8380800000.000	-5.367225855e+19
8467200000.000	-5.367225855e+19
8553600000.000	-5.367225855e+19
8640000000.000	-5.367225855e+19
8726400000.000	-5.367225855e+19
8812800000.000	-5.367225855e+19
8899200000.000	-5.367225855e+19
8985600000.000	-5.367225855e+19
9072000000.000	-5.367225855e+19
9158400000.000	-5.367225855e+19
9244800000.000	-5.367225855e+19
9331200000.000	-5.367225855e+19
9417600000.000	-5.367225855e+19
9504000000.000	-5.367225855e+19
9590400000.000	-5.367225855e+19
9676800000.000	-5.367225855e+19
9763200000.000	-5.367225854e+19
9849600000.000	-5.367225854e+19
9936000000.000	-5.367225854e+19
10022400000.000	-5.367225854e+19
10108800000.000	-5.367225853e+19
10195200000.000	-5.367225852e+19
10281600000.000	-5.367225850e+19
10368000000.000	-5.367225845e+19
10454400000.000	-5.367225828e+19
10540800000.000	-5.367225704e+19
10627200000.000	-5.367231442e+19
10713600000.000	-5.367225553e+19
10800000000.000	-5.367225811e+19
10886400000.000	-5.367225829e+19
10972800000.000	-5.367225795e+19
11059200000.000	-5.367225047e+19
11145600000.000	-5.367223522e+19
11232000000.000	-5.367225774e+19
11318400000.000	-5.367225836e+19
11404800000.000	-5.367225848e+19
11491200000.000	-5.367225851e+19
11577600000.000	-5.367225853e+19
11664000000.000	-5.367225853e+19
11750400000.000	-5.367225854e+19
11836800000.000	-5.367225854e+19
11923200000.000	-5.367225854e+19
12009600000.000	-5.367225854e+19
12096000000.000	-5.367225855e+19
12182400000.000	-5.367225855e+19
12268800000.000	-5.367225855e+19
12355200000.000	-5.367225855e+19
12441600000.000	-5.367225855e+19
12528000000.000	-5.367225855e+19
12614400000.000	-5.367225855e+19
12700800000.000	-5.367225855e+19
12787200000.000	-5.367225855e+19
12873600000.000	-5.367225855e+19
12960000000.000	-5.367225855e+19
13046400000.000	-5.367225855e+19
13132800000.000	-5.367225855e+19
13219200000.000	-5.367225855e+19
13305600000.000	-5.367225855e+19
13392000000.000	-5.367225855e+19
13478400000.000	-5.367225855e+19
13564800000.000	-5.367225854e+19
13651200000.000	-5.367225854e+19
13737600000.000	-5.367225854e+19
13824000000.000	-5.367225854e+19
13910400000.000	-5.367225853e+19
13996800000.000	-5.367225852e+19
14083200000.000	-5.367225850e+19
14169600000.000	-5.367225843e+19
14256000000.000	-5.367225815e+19
14342400000.000	-5.367225408e+19
14428800000.000	-5.315379319e+19
14515200000.000	-5.315379319e+19
14601600000.000	-5.315379319e+19
14688000000.000	-5.315379319e+19
14774400000.000	-5.315379319e+19
14860800000.000	-5.315379319e+19
14947200000.000	-5.315379319e+19
15033600000.000	-5.315379319e+19
15120000000.000	-5.315379319e+19
15206400000.000	-5.315379319e+19
15292800000.000	-5.315379319e+19
15379200000.000	-5.315379319e+19
15465600000.000	-5.315379319e+19
15552000000.000	-5.315379319e+19
15638400000.000	-5.315379319e+19
15724800000.000	-5.315379319e+19
15811200000.000	-5.315379319e+19
15897600000.000	-5.315379319e+19
15984000000.000	-5.315379319e+19
16070400000.000	-5.315379319e+19
16156800000.000	-5.315379319e+19
16243200000.000	-5.315379319e+19
16329600000.000	-5.315379319e+19
16416000000.000	-5.315379319e+19
16502400000.000	-5.315379319e+19
16588800000.000	-5.315379319e+19
16675200000.000	-5.315379319e+19
16761600000.000	-5.315379319e+19
16848000000.000	-5.315379319e+19
16934400000.000	-5.315379319e+19
17020800000.000	-5.315379319e+19
17107200000.000	-5.315379319e+19
17193600000.000	-5.315379319e+19
17280000000.000	-5.315379319e+19
17366400000.000	-5.315379319e+19
17452800000.000	-5.315379319e+19
17539200000.000	-5.315379319e+19
17625600000.000	-5.315379319e+19
17712000000.000	-5.315379319e+19
17798400000.000	-5.315379319e+19
17884800000.000	-5.315379319e+19
17971200000.000	-5.315379319e+19
18057600000.000	-5.315379319e+19
18144000000.000	-5.315379319e+19
18230400000.000	-5.315379318e+19
18316800000.000	-5.315379318e+19
18403200000.000	-5.315379318e+19
18489600000.000	-5.315379318e+19
18576000000.000	-5.315379318e+19
18662400000.000	-5.315379317e+19
18748800000.000	-5.315379315e+19
18835200000.000	-5.315379311e+19
18921600000.000	-5.315379299e+19
19008000000.000	-5.315379223e+19
19094400000.000	-5.315375252e+19
19180800000.000	-5.315378757e+19
19267200000.000	-5.315379271e+19
19353600000.000	-5.315379306e+19
19440000000.000	-5.315379313e+19
19526400000.000	-5.315379316e+19
19612800000.000	-5.315379317e+19
19699200000.000	-5.315379318e+19
19785600000.000	-5.315379318e+19
19872000000.000	-5.315379318e+19
19958400000.000	-5.315379318e+19
20044800000.000	-5.315379318e+19
20131200000.000	-5.315379318e+19
20217600000.000	-5.315379318e+19
20304000000.000	-5.315379318e+19
20390400000.000	-5.315379318e+19
20476800000.000	-5.315379317e+19
20563200000.000	-5.315379316e+19
20649600000.000	-5.315379314e+19
20736000000.000	-5.315379310e+19
20822400000.000	-5.315379293e+19
20908800000.000	-5.315379190e+19
20995200000.000	-5.315381064e+19
21081600000.000	-5.315378990e+19
21168000000.000	-5.315379275e+19
21254400000.000	-5.315379306e+19
21340800000.000	-5.315379313e+19
21427200000.000	-5.315379316e+19
21513600000.000	-5.315379317e+19
21600000000.000	-5.315379317e+19
21686400000.000	-5.315379318e+19
21772800000.000	-5.315379318e+19
21859200000.000	-5.315379317e+19
21945600000.000	-5.315379317e+19
22032000000.000	-5.315379317e+19
22118400000.000	-5.315379315e+19
22204800000.000	-5.315379313e+19
22291200000.000	-5.315379306e+19
22377600000.000	-5.315379287e+19
22464000000.000	-5.315379324e+19
22550400000.000	-5.315379750e+19
22636800000.000	-5.315379275e+19
22723200000.000	-5.315379298e+19
22809600000.000	-5.315379310e+19
22896000000.000	-5.315379314e+19
22982400000.000	-5.315379316e+19
23068800000.000	-5.315379317e+19
23155200000.000	-5.315379317e+19
23241600000.000	-5.315379318e+19
23328000000.000	-5.315379318e+19
23414400000.000	-5.315379318e+19
23500800000.000	-5.315379317e+19
23587200000.000	-5.315379316e+19
23673600000.000	-5.315379315e+19
23760000000.000	-5.315379311e+19
23846400000.000	-5.315379298e+19
23932800000.000	-5.315379218e+19
24019200000.000	-5.315376553e+19
24105600000.000	-5.315378775e+19
24192000000.000	-5.315379269e+19
24278400000.000	-5.315379305e+19
24364800000.000	-5.315379313e+19
24451200000.000	-5.315379316e+19
24537600000.000	-5.315379317e+19
24624000000.000	-5.315379318e+19
24710400000.000	-5.315379318e+19
24796800000.000	-5.315379318e+19
24883200000.000	-5.315379318e+19
24969600000.000	-5.315379318e+19
25056000000.000	-5.315379318e+19
25142400000.000	-5.315379319e+19
25228800000.000	-5.315379319e+19
25315200000.000	-5.315379319e+19
25401600000.000	-5.315379319e+19
25488000000.000	-5.315379319e+19
25574400000.000	-5.315379319e+19
25660800000.000	-5.315379319e+19
25747200000.000	-5.315379319e+19
25833600000.000	-5.315379319e+19
25920000000.000	-5.315379319e+19
26006400000.000	-5.315379319e+19
26092800000.000	-5.315379318e+19
26179200000.000	-5.315379318e+19
26265600000.000	-5.315379318e+19
26352000000.000	-5.315379318e+19
26438400000.000	-5.315379318e+19
26524800000.000	-5.315379318e+19
26611200000.000	-5.315379317e+19
26697600000.000	-5.315379316e+19
26784000000.000	-5.315379314e+19
26870400000.000	-5.315379309e+19
26956800000.000	-5.315379291e+19
27043200000.000	-5.315379142e+19
27129600000.000	-5.315432391e+19
27216000000.000	-5.315379081e+19
27302400000.000	-5.315379285e+19
27388800000.000	-5.315379306e+19
27475200000.000	-5.315379309e+19
27561600000.000	-5.315379306e+19
27648000000.000	-5.315379293e+19
27734400000.000	-5.315379253e+19
27820800000.000	-5.315380024e+19
27907200000.000	-5.315379262e+19
27993600000.000	-5.315379285e+19
28080000000.000	-5.315379306e+19
28166400000.000	-5.315379313e+19
28252800000.000	-5.315379315e+19
28339200000.000	-5.315379317e+19
28425600000.000	-5.315379317e+19
28512000000.000	-5.315379318e+19
28598400000.000	-5.315379318e+19
28684800000.000	-5.315379318e+19
28771200000.000	-5.315379318e+19
28857600000.000	-5.315379318e+19
28944000000.000	-5.315379318e+19
29030400000.000	-5.315379318e+19
29116800000.000	-5.315379318e+19
29203200000.000	-5.315379319e+19
29289600000.000	-5.315379319e+19
29376000000.000	-5.315379319e+19
29462400000.000	-5.315379319e+19
29548800000.000	-5.315379319e+19
29635200000.000	-5.315379319e+19
29721600000.000	-5.315379319e+19
29808000000.000	-5.315379320e+19
29894400000.000	-5.315379320e+19
29980800000.000	-5.315379320e+19
30067200000.000	-5.315379320e+19
30153600000.000	-5.315379320e+19
30240000000.000	-5.315379320e+19
30326400000.000	-5.315379321e+19
30412800000.000	-5.315379321e+19
30499200000.000	-5.315379321e+19
30585600000.000	-5.315379321e+19
30672000000.000	-5.315379321e+19
30758400000.000	-5.315379320e+19
30844800000.000	-5.315379320e+19
30931200000.000	-5.315379319e+19
31017600000.000	-5.315379319e+19
31104000000.000	-5.315379319e+19
31190400000.000	-5.315379319e+19
31276800000.000	-5.315379319e+19
31363200000.000	-5.315379319e+19
31449600000.000	-5.315379319e+19
31536000000.000	-5.315379319e+19
31622400000.000	-5.315379319e+19
31708800000.000	-5.315379319e+19
31795200000.000	-5.315379319e+19
31881600000.000	-5.315379319e+19
31968000000.000	-5.315379319e+19
32054400000.000	-5.315379319e+19
32140800000.000	-5.315379319e+19
32227200000.000	-5.315379319e+19
32313600000.000	-5.315379319e+19
32400000000.000	-5.315379319e+19
32486400000.000	-5.315379319e+19
32572800000.000	-5.315379319e+19
32659200000.000	-5.315379319e+19
32745600000.000	-5.315379319e+19
32832000000.000	-5.315379319e+19
32918400000.000	-5.315379319e+19
33004800000.000	-5.315379319e+19
33091200000.000	-5.315379319e+19
33177600000.000	-5.315379319e+19
33264000000.000	-5.315379319e+19
33350400000.000	-5.315379319e+19
33436800000.000	-5.315379319e+19
33523200000.000	-5.315379319e+19
33609600000.000	-5.315379319e+19
33696000000.000	-5.315379319e+19
33782400000.000	-5.315379319e+19
33868800000.000	-5.315379318e+19
33955200000.000	-5.315379318e+19
34041600000.000	-5.315379318e+19
34128000000.000	-5.315379318e+19
34214400000.000	-5.315379318e+19
34300800000.000	-5.315379318e+19
34387200000.000	-5.315379318e+19
34473600000.000	-5.315379317e+19
34560000000.000	-5.315379316e+19
34646400000.000	-5.315379315e+19
34732800000.000	-5.315379313e+19
34819200000.000	-5.315379309e+19
34905600000.000	-5.315379299e+19
34992000000.000	-5.315379269e+19
35078400000.000	-5.315379030e+19
35164800000.000	-5.315374216e+19
35251200000.000	-5.315379188e+19
35337600000.000	-5.315379280e+19
35424000000.000	-5.315379301e+19
35510400000.000	-5.315379310e+19
35596800000.000	-5.315379315e+19
35683200000.000	-5.315379319e+19
35769600000.000	-5.315379323e+19
35856000000.000	-5.315379325e+19
35942400000.000	-5.315379324e+19
36028800000.000	-5.315379321e+19
36115200000.000	-5.315379318e+19
36201600000.000	-5.315379317e+19
36288000000.000	-5.315379317e+19
36374400000.000	-5.315379316e+19
36460800000.000	-5.315379316e+19
36547200000.000	-5.315379317e+19
36633600000.000	-5.315379319e+19
36720000000.000	-5.315379324e+19
36806400000.000	-5.315379329e+19
36892800000.000	-5.315379326e+19
36979200000.000	-5.315379319e+19
37065600000.000	-5.315379316e+19
37152000000.000	-5.315379314e+19
37238400000.000	-5.315379312e+19
37324800000.000	-5.315379309e+19
37411200000.000	-5.315379308e+19
37497600000.000	-5.315379380e+19
37584000000.000	-5.315379505e+19
37670400000.000	-5.315379327e+19
37756800000.000	-5.315379308e+19
37843200000.000	-5.315379312e+19
37929600000.000	-5.315379315e+19
38016000000.000	-5.315379316e+19
38102400000.000	-5.315379317e+19
38188800000.000	-5.315379318e+19
38275200000.000	-5.315379318e+19
38361600000.000	-5.315379318e+19
38448000000.000	-5.315379318e+19
38534400000.000	-5.315379318e+19
38620800000.000	-5.315379319e+19
38707200000.000	-5.315379319e+19
38793600000.000	-5.315379319e+19
38880000000.000	-5.315379319e+19
38966400000.000	-5.315379319e+19
39052800000.000	-5.315379319e+19
39139200000.000	-5.315379319e+19
39225600000.000	-5.315379319e+19
39312000000.000	-5.315379319e+19
39398400000.000	-5.315379319e+19
39484800000.000	-5.315379319e+19
39571200000.000	-5.315379319e+19
39657600000.000	-5.315379319e+19
39744000000.000	-5.315379319e+19
39830400000.000	-5.315379320e+19
39916800000.000	-5.315379320e+19
40003200000.000	-5.315379320e+19
40089600000.000	-5.315379320e+19
40176000000.000	-5.315379320e+19
40262400000.000	-5.315379319e+19
40348800000.000	-5.315379319e+19
40435200000.000	-5.315379319e+19
40521600000.000	-5.315379319e+19
40608000000.000	-5.315379319e+19
40694400000.000	-5.315379319e+19
40780800000.000	-5.315379319e+19
40867200000.000	-5.315379319e+19
40953600000.000	-5.315379319e+19
41040000000.000	-5.315379319e+19
41126400000.000	-5.315379319e+19
41212800000.000	-5.315379319e+19
41299200000.000	-5.315379319e+19
41385600000.000	-5.315379319e+19
41472000000.000	-5.315379319e+19
41558400000.000	-5.315379319e+19
41644800000.000	-5.315379319e+19
41731200000.000	-5.315379319e+19
41817600000.000	-5.315379319e+19
41904000000.000	-5.315379318e+19
41990400000.000	-5.315379318e+19
42076800000.000	-5.315379318e+19
42163200000.000	-5.315379318e+19
42249600000.000	-5.315379318e+19
42336000000.000	-5.315379317e+19
42422400000.000	-5.315379317e+19
42508800000.000	-5.315379315e+19
42595200000.000	-5.315379313e+19
42681600000.000	-5.315379310e+19
42768000000.000	-5.315379311e+19
42854400000.000	-5.315379380e+19
42940800000.000	-5.315379449e+19
43027200000.000	-5.315379285e+19
43113600000.000	-5.315378855e+19
43200000000.000	-5.315375682e+19
43286400000.000	-5.315379204e+19
43372800000.000	-5.315379295e+19
43459200000.000	-5.315379310e+19
43545600000.000	-5.315379314e+19
43632000000.000	-5.315379316e+19
43718400000.000	-5.315379317e+19
43804800000.000	-5.315379318e+19
43891200000.000	-5.315379318e+19
43977600000.000	-5.315379318e+19
44064000000.000	-5.315379318e+19
44150400000.000	-5.315379318e+19
44236800000.000	-5.315379319e+19
44323200000.000	-5.315379319e+19
44409600000.000	-5.315379319e+19
44496000000.000	-5.315379319e+19
44582400000.000	-5.315379319e+19
44668800000.000	-5.315379319e+19
44755200000.000	-5.315379319e+19
44841600000.000	-5.315379319e+19
44928000000.000	-5.315379319e+19
45014400000.000	-5.315379319e+19
45100800000.000	-5.315379319e+19
45187200000.000	-5.315379319e+19
45273600000.000	-5.315379319e+19
45360000000.000	-5.315379319e+19
45446400000.000	-5.315379319e+19
45532800000.000	-5.315379319e+19
45619200000.000	-5.315379319e+19
45705600000.000	-5.315379319e+19
45792000000.000	-5.315379319e+19
45878400000.000	-5.315379319e+19
45964800000.000	-5.315379319e+19
46051200000.000	-5.315379319e+19
46137600000.000	-5.315379319e+19
46224000000.000	-5.315379319e+19
46310400000.000	-5.315379319e+19
46396800000.000	-5.315379319e+19
46483200000.000	-5.315379319e+19
46569600000.000	-5.315379319e+19
46656000000.000	-5.315379319e+19
46742400000.000	-5.315379319e+19
46828800000.000	-5.315379319e+19
46915200000.000	-5.315379319e+19
47001600000.000	-5.315379319e+19
47088000000.000	-5.315379319e+19
47174400000.000	-5.315379319e+19
47260800000.000	-5.315379318e+19
47347200000.000	-5.315379318e+19
47433600000.000	-5.315379318e+19
47520000000.000	-5.315379318e+19
47606400000.000	-5.315379317e+19
47692800000.000	-5.315379316e+19
47779200000.000	-5.315379314e+19
47865600000.000	-5.315379311e+19
47952000000.000	-5.315379310e+19
48038400000.000	-5.315379361e+19
48124800000.000	-5.315379498e+19
48211200000.000	-5.315379340e+19
48297600000.000	-5.315379309e+19
48384000000.000	-5.315379312e+19
48470400000.000	-5.315379315e+19
48556800000.000	-5.315379316e+19
48643200000.000	-5.315379317e+19
48729600000.000	-5.315379318e+19
48816000000.000	-5.315379318e+19
48902400000.000	-5.315379318e+19
48988800000.000	-5.315379318e+19
49075200000.000	-5.315379319e+19
49161600000.000	-5.315379319e+19
49248000000.000	-5.315379319e+19
49334400000.000	-5.315379319e+19
49420800000.000	-5.315379319e+19
49507200000.000	-5.315379319e+19
49593600000.000	-5.315379319e+19
49680000000.000	-5.315379319e+19
49766400000.000	-5.315379319e+19
49852800000.000	-5.315379319e+19
49939200000.000	-5.315379319e+19
50025600000.000	-5.315379319e+19
50112000000.000	-5.315379318e+19
50198400000.000	-5.315379318e+19
50284800000.000	-5.315379318e+19
50371200000.000	-5.315379318e+19
50457600000.000	-5.315379317e+19
50544000000.000	-5.315379316e+19
50630400000.000	-5.315379314e+19
50716800000.000	-5.315379308e+19
50803200000.000	-5.315379285e+19
50889600000.000	-5.315379096e+19
50976000000.000	-5.315390866e+19
51062400000.000	-5.315379139e+19
51148800000.000	-5.315379288e+19
51235200000.000	-5.315379309e+19
51321600000.000	-5.315379314e+19
51408000000.000	-5.315379316e+19
51494400000.000	-5.315379317e+19
51580800000.000	-5.315379318e+19
51667200000.000	-5.315379318e+19
51753600000.000	-5.315379318e+19
51840000000.000	-5.315379318e+19
51926400000.000	-5.315379318e+19
52012800000.000	-5.315379318e+19
52099200000.000	-5.315379319e+19
52185600000.000	-5.315379319e+19
52272000000.000	-5.315379319e+19
52358400000.000	-5.315379318e+19
52444800000.000	-5.315379318e+19
52531200000.000	-5.315379318e+19
52617600000.000	-5.315379318e+19
52704000000.000	-5.315379318e+19
52790400000.000	-5.315379317e+19
52876800000.000	-5.315379316e+19
52963200000.000	-5.315379314e+19
53049600000.000	-5.315379311e+19
53136000000.000	-5.315379309e+19
53222400000.000	-5.315379379e+19
53308800000.000	-5.315379503e+19
53395200000.000	-5.315379328e+19
53481600000.000	-5.315379308e+19
53568000000.000	-5.315379312e+19
53654400000.000	-5.315379315e+19
53740800000.000	-5.315379317e+19
53827200000.000	-5.315379317e+19
53913600000.000	-5.315379318e+19
54000000000.000	-5.315379318e+19
54086400000.000	-5.315379319e+19
54172800000.000	-5.315379320e+19
54259200000.000	-5.315379320e+19
54345600000.000	-5.315379320e+19
54432000000.000	-5.315379320e+19
54518400000.000	-5.315379320e+19
54604800000.000	-5.315379320e+19
54691200000.000	-5.315379319e+19
54777600000.000	-5.315379319e+19
54864000000.000	-5.315379319e+19
54950400000.000	-5.315379319e+19
55036800000.000	-5.315379319e+19
55123200000.000	-5.315379319e+19
55209600000.000	-5.315379319e+19
55296000000.000	-5.315379319e+19
55382400000.000	-5.315379319e+19
55468800000.000	-5.315379319e+19
55555200000.000	-5.315379319e+19
55641600000.000	-5.315379319e+19
55728000000.000	-5.315379319e+19
55814400000.000	-5.315379319e+19
55900800000.000	-5.315379319e+19
55987200000.000	-5.315379319e+19
56073600000.000	-5.315379319e+19
56160000000.000	-5.315379319e+19
56246400000.000	-5.315379319e+19
56332800000.000	-5.315379319e+19
56419200000.000	-5.315379319e+19
56505600000.000	-5.315379319e+19
56592000000.000	-5.315379319e+19
56678400000.000	-5.315379319e+19
56764800000.000	-5.315379319e+19
56851200000.000	-5.315379319e+19
56937600000.000	-5.315379319e+19
57024000000.000	-5.315379319e+19
57110400000.000	-5.315379319e+19
57196800000.000	-5.315379319e+19
57283200000.000	-5.315379319e+19
57369600000.000	-5.315379319e+19
57456000000.000	-5.315379319e+19
57542400000.000	-5.315379318e+19
57628800000.000	-5.315379318e+19
57715200000.000	-5.315379318e+19
57801600000.000	-5.315379318e+19
57888000000.000	-5.315379318e+19
57974400000.000	-5.315379317e+19
58060800000.000	-5.315379316e+19
58147200000.000	-5.315379313e+19
58233600000.000	-5.315379309e+19
58320000000.000	-5.315379311e+19
58406400000.000	-5.315379429e+19
58492800000.000	-5.315379464e+19
58579200000.000	-5.315379314e+19
58665600000.000	-5.315379308e+19
58752000000.000	-5.315379313e+19
58838400000.000	-5.315379315e+19
58924800000.000	-5.315379317e+19
59011200000.000	-5.315379318e+19
59097600000.000	-5.315379318e+19
59184000000.000	-5.315379318e+19
59270400000.000	-5.315379318e+19
59356800000.000	-5.315379319e+19
59443200000.000	-5.315379319e+19
59529600000.000	-5.315379319e+19
59616000000.000	-5.315379319e+19
59702400000.000	-5.315379319e+19
59788800000.000	-5.315379319e+19
59875200000.000	-5.315379319e+19
59961600000.000	-5.315379319e+19
60048000000.000	-5.315379319e+19
60134400000.000	-5.315379319e+19
60220800000.000	-5.315379319e+19
60307200000.000	-5.315379319e+19
60393600000.000	-5.315379319e+19
60480000000.000	-5.315379319e+19
60566400000.000	-5.315379319e+19
60652800000.000	-5.315379319e+19
60739200000.000	-5.315379319e+19
60825600000.000	-5.315379319e+19
60912000000.000	-5.315379319e+19
60998400000.000	-5.315379319e+19
61084800000.000	-5.315379319e+19
61171200000.000	-5.315379319e+19
61257600000.000	-5.315379319e+19
61344000000.000	-5.315379319e+19
61430400000.000	-5.315379319e+19
61516800000.000	-5.315379319e+19
61603200000.000	-5.315379319e+19
61689600000.000	-5.315379319e+19
61776000000.000	-5.315379319e+19
61862400000.000	-5.315379319e+19
61948800000.000	-5.315379319e+19
62035200000.000	-5.315379319e+19
62121600000.000	-5.315379319e+19
62208000000.000	-5.315379319e+19
62294400000.000	-5.315379319e+19
62380800000.000	-5.315379319e+19
62467200000.000	-5.315379319e+19
62553600000.000	-5.315379319e+19
62640000000.000	-5.315379319e+19
62726400000.000	-5.315379318e+19
62812800000.000	-5.315379318e+19
62899200000.000	-5.315379318e+19
62985600000.000	-5.315379318e+19
63072000000.000	-5.315379317e+19
63158400000.000	-5.315379317e+19
63244800000.000	-5.315379315e+19
63331200000.000	-5.315379312e+19
63417600000.000	-5.315379307e+19
63504000000.000	-5.315379319e+19
63590400000.000	-5.315379501e+19
63676800000.000	-5.315379399e+19
63763200000.000	-5.315379308e+19
63849600000.000	-5.315379309e+19
63936000000.000	-5.315379313e+19
64022400000.000	-5.315379316e+19
64108800000.000	-5.315379317e+19
64195200000.000	-5.315379317e+19
64281600000.000	-5.315379318e+19
64368000000.000	-5.315379318e+19
64454400000.000	-5.315379319e+19
64540800000.000	-5.315379320e+19
64627200000.000	-5.315379320e+19
64713600000.000	-5.315379320e+19
64800000000.000	-5.315379320e+19
64886400000.000	-5.315379317e+19
64972800000.000	-5.315379312e+19
65059200000.000	-5.315379296e+19
65145600000.000	-5.315379177e+19
65232000000.000	-5.314473565e+19
65318400000.000	-5.429140055e+19
65404800000.000	-5.429140055e+19
65491200000.000	-5.429140055e+19
65577600000.000	-5.429140055e+19
65664000000.000	-5.429140055e+19
65750400000.000	-5.429140055e+19
65836800000.000	-5.429140055e+19
65923200000.000	-5.429140055e+19
66009600000.000	-5.429140055e+19
66096000000.000	-5.429140055e+19
66182400000.000	-5.429140055e+19
66268800000.000	-5.429140055e+19
66355200000.000	-5.429140055e+19
66441600000.000	-5.429140055e+19
66528000000.000	-5.429140055e+19
66614400000.000	-5.429140055e+19
66700800000.000	-5.429140055e+19
66787200000.000	-5.429140055e+19
66873600000.000	-5.429140055e+19
66960000000.000	-5.429140055e+19
67046400000.000	-5.429140055e+19
67132800000.000	-5.429140055e+19
67219200000.000	-5.429140055e+19
67305600000.000	-5.429140055e+19
67392000000.000	-5.429140055e+19
67478400000.000	-5.429140055e+19
67564800000.000	-5.429140055e+19
67651200000.000	-5.429140055e+19
67737600000.000	-5.429140055e+19
67824000000.000	-5.429140055e+19
67910400000.000	-5.429140055e+19
67996800000.000	-5.429140054e+19
68083200000.000	-5.429140054e+19
68169600000.000	-5.429140054e+19
68256000000.000	-5.429140053e+19
68342400000.000	-5.429140052e+19
68428800000.000	-5.429140051e+19
68515200000.000	-5.429140047e+19
68601600000.000	-5.429140043e+19
68688000000.000	-5.429140077e+19
68774400000.000	-5.429140283e+19
68860800000.000	-5.429140085e+19
68947200000.000	-5.429140043e+19
69033600000.000	-5.429140047e+19
69120000000.000	-5.429140051e+19
69206400000.000	-5.429140053e+19
69292800000.000	-5.429140054e+19
69379200000.000	-5.429140054e+19
69465600000.000	-5.429140054e+19
69552000000.000	-5.429140055e+19
69638400000.000	-5.429140055e+19
69724800000.000	-5.429140055e+19
69811200000.000	-5.429140055e+19
69897600000.000	-5.429140055e+19
69984000000.000	-5.429140055e+19
70070400000.000	-5.429140055e+19
70156800000.000	-5.429140055e+19
70243200000.000	-5.429140055e+19
70329600000.000	-5.429140055e+19
70416000000.000	-5.429140055e+19
70502400000.000	-5.429140055e+19
70588800000.000	-5.429140055e+19
70675200000.000	-5.429140055e+19
70761600000.000	-5.429140055e+19
70848000000.000	-5.429140055e+19
70934400000.000	-5.429140055e+19
71020800000.000	-5.429140055e+19
71107200000.000	-5.429140055e+19
71193600000.000	-5.429140055e+19
71280000000.000	-5.429140055e+19
71366400000.000	-5.429140055e+19
71452800000.000	-5.429140055e+19
71539200000.000	-5.429140055e+19
71625600000.000	-5.429140055e+19
71712000000.000	-5.429140055e+19
71798400000.000	-5.429140055e+19
71884800000.000	-5.429140055e+19
71971200000.000	-5.429140055e+19
72057600000.000	-5.429140055e+19
72144000000.000	-5.429140055e+19
72230400000.000	-5.429140055e+19
72316800000.000	-5.429140055e+19
72403200000.000	-5.429140055e+19
72489600000.000	-5.429140055e+19
72576000000.000	-5.429140055e+19
72662400000.000	-5.429140054e+19
72748800000.000	-5.429140054e+19
72835200000.000	-5.429140054e+19
72921600000.000	-5.429140054e+19
73008000000.000	-5.429140053e+19
73094400000.000	-5.429140052e+19
73180800000.000	-5.429140050e+19
73267200000.000	-5.429140046e+19
73353600000.000	-5.429140038e+19
73440000000.000	-5.429140030e+19
73526400000.000	-5.429140270e+19
73612800000.000	-5.429140124e+19
73699200000.000	-5.429140022e+19
73785600000.000	-5.429140030e+19
73872000000.000	-5.429140117e+19
73958400000.000	-5.429140253e+19
74044800000.000	-5.429140056e+19
74131200000.000	-5.429140043e+19
74217600000.000	-5.429140048e+19
74304000000.000	-5.429140052e+19
74390400000.000	-5.429140054e+19
74476800000.000	-5.429140054e+19
74563200000.000	-5.429140055e+19
74649600000.000	-5.429140055e+19
74736000000.000	-5.429140055e+19
74822400000.000	-5.429140055e+19
74908800000.000	-5.429140055e+19
74995200000.000	-5.429140055e+19
75081600000.000	-5.429140055e+19
75168000000.000	-5.429140055e+19
75254400000.000	-5.429140055e+19
75340800000.000	-5.429140055e+19
75427200000.000	-5.429140055e+19
75513600000.000	-5.429140055e+19
75600000000.000	-5.429140055e+19
75686400000.000	-5.429140055e+19
75772800000.000	-5.429140055e+19
75859200000.000	-5.429140055e+19
75945600000.000	-5.429140055e+19
76032000000.000	-5.429140055e+19
76118400000.000	-5.429140055e+19
76204800000.000	-5.429140055e+19
76291200000.000	-5.429140055e+19
76377600000.000	-5.429140055e+19
76464000000.000	-5.429140055e+19
76550400000.000	-5.429140055e+19
76636800000.000	-5.429140055e+19
76723200000.000	-5.429140055e+19
76809600000.000	-5.429140055e+19
76896000000.000	-5.429140055e+19
76982400000.000	-5.429140055e+19
77068800000.000	-5.429140055e+19
77155200000.000	-5.429140055e+19
77241600000.000	-5.429140055e+19
77328000000.000	-5.429140055e+19
77414400000.000	-5.429140055e+19
77500800000.000	-5.429140055e+19
77587200000.000	-5.429140055e+19
77673600000.000	-5.429140055e+19
77760000000.000	-5.429140055e+19
77846400000.000	-5.429140055e+19
77932800000.000	-5.429140055e+19
78019200000.000	-5.429140055e+19
78105600000.000	-5.429140055e+19
78192000000.000	-5.429140055e+19
78278400000.000	-5.429140054e+19
78364800000.000	-5.429140054e+19
78451200000.000	-5.429140054e+19
78537600000.000	-5.429140053e+19
78624000000.000	-5.429140053e+19
78710400000.000	-5.429140051e+19
78796800000.000	-5.429140049e+19
78883200000.000	-5.429140044e+19
78969600000.000	-5.429140046e+19
79056000000.000	-5.429140195e+19
79142400000.000	-5.429140180e+19
79228800000.000	-5.429140045e+19
79315200000.000	-5.429140044e+19
79401600000.000	-5.429140051e+19
79488000000.000	-5.429140060e+19
79574400000.000	-5.429140069e+19
79660800000.000	-5.429140069e+19
79747200000.000	-5.429140061e+19
79833600000.000	-5.429140056e+19
79920000000.000	-5.429140054e+19
80006400000.000	-5.429140053e+19
80092800000.000	-5.429140053e+19
80179200000.000	-5.429140054e+19
80265600000.000	-5.429140054e+19
80352000000.000	-5.429140054e+19
80438400000.000	-5.429140054e+19
80524800000.000	-5.429140054e+19
80611200000.000	-5.429140054e+19
80697600000.000	-5.429140055e+19
80784000000.000	-5.429140055e+19
80870400000.000	-5.429140055e+19
80956800000.000	-5.429140054e+19
81043200000.000	-5.429140054e+19
81129600000.000	-5.429140054e+19
81216000000.000	-5.429140054e+19
81302400000.000	-5.429140054e+19
81388800000.000	-5.429140054e+19
81475200000.000	-5.429140053e+19
81561600000.000	-5.429140053e+19
81648000000.000	-5.429140054e+19
81734400000.000	-5.429140059e+19
81820800000.000	-5.429140071e+19
81907200000.000	-5.429140076e+19
81993600000.000	-5.429140066e+19
82080000000.000	-5.429140057e+19
82166400000.000	-5.429140054e+19
82252800000.000	-5.429140053e+19
82339200000.000	-5.429140053e+19
82425600000.000	-5.429140054e+19
82512000000.000	-5.429140054e+19
82598400000.000	-5.429140054e+19
82684800000.000	-5.429140054e+19
82771200000.000	-5.429140055e+19
82857600000.000	-5.429140055e+19
82944000000.000	-5.429140055e+19
83030400000.000	-5.429140055e+19
83116800000.000	-5.429140055e+19
83203200000.000	-5.429140055e+19
83289600000.000	-5.429140055e+19
83376000000.000	-5.429140055e+19
83462400000.000	-5.429140054e+19
83548800000.000	-5.429140054e+19
83635200000.000	-5.429140054e+19
83721600000.000	-5.429140053e+19
83808000000.000	-5.429140053e+19
83894400000.000	-5.429140051e+19
83980800000.000	-5.429140048e+19
84067200000.000	-5.429140043e+19
84153600000.000	-5.429140060e+19
84240000000.000	-5.429140268e+19
84326400000.000	-5.429140113e+19
84412800000.000	-5.429140042e+19
84499200000.000	-5.429140046e+19
84585600000.000	-5.429140050e+19
84672000000.000	-5.429140052e+19
84758400000.000	-5.429140053e+19
84844800000.000	-5.429140054e+19
84931200000.000	-5.429140054e+19
85017600000.000	-5.429140054e+19
85104000000.000	-5.429140055e+19
85190400000.000	-5.429140055e+19
85276800000.000	-5.429140055e+19
85363200000.000	-5.429140055e+19
85449600000.000	-5.429140055e+19
85536000000.000	-5.429140055e+19
85622400000.000	-5.429140055e+19
85708800000.000	-5.429140055e+19
85795200000.000	-5.429140055e+19
85881600000.000	-5.429140055e+19
85968000000.000	-5.429140055e+19
86054400000.000	-5.429140055e+19
86140800000.000	-5.429140055e+19
86227200000.000	-5.429140055e+19
86313600000.000	-5.429140055e+19
86400000000.000	-5.429140055e+19
86486400000.000	-5.429140055e+19
86572800000.000	-5.429140055e+19
86659200000.000	-5.429140055e+19
86745600000.000	-5.429140055e+19
86832000000.000	-5.429140055e+19
86918400000.000	-5.429140055e+19
87004800000.000	-5.429140055e+19
87091200000.000	-5.429140055e+19
87177600000.000	-5.429140055e+19
87264000000.000	-5.429140055e+19
87350400000.000	-5.429140055e+19
87436800000.000	-5.429140055e+19
87523200000.000	-5.429140055e+19
87609600000.000	-5.429140055e+19
87696000000.000	-5.429140055e+19
87782400000.000	-5.429140055e+19
87868800000.000	-5.429140055e+19
87955200000.000	-5.429140055e+19
88041600000.000	-5.429140055e+19
88128000000.000	-5.429140055e+19
88214400000.000	-5.429140055e+19
88300800000.000	-5.429140054e+19
88387200000.000	-5.429140054e+19
88473600000.000	-5.429140055e+19
88560000000.000	-5.429140055e+19
88646400000.000	-5.429140056e+19
88732800000.000	-5.429140057e+19
88819200000.000	-5.429140059e+19
88905600000.000	-5.429140059e+19
88992000000.000	-5.429140058e+19
89078400000.000	-5.429140054e+19
89164800000.000	-5.429140048e+19
89251200000.000	-5.429140043e+19
89337600000.000	-5.429140091e+19
89424000000.000	-5.429140286e+19
89510400000.000	-5.429140071e+19
89596800000.000	-5.429140042e+19
89683200000.000	-5.429140047e+19
89769600000.000	-5.429140051e+19
89856000000.000	-5.429140052e+19
89942400000.000	-5.429140053e+19
90028800000.000	-5.429140054e+19
90115200000.000	-5.429140054e+19
90201600000.000	-5.429140054e+19
90288000000.000	-5.429140055e+19
90374400000.000	-5.429140055e+19
90460800000.000	-5.429140055e+19
90547200000.000	-5.429140055e+19
90633600000.000	-5.429140055e+19
90720000000.000	-5.429140055e+19
90806400000.000	-5.429140055e+19
90892800000.000	-5.429140055e+19
90979200000.000	-5.429140055e+19
91065600000.000	-5.429140055e+19
91152000000.000	-5.429140055e+19
91238400000.000	-5.429140055e+19
91324800000.000	-5.429140055e+19
91411200000.000	-5.429140055e+19
91497600000.000	-5.429140055e+19
91584000000.000	-5.429140055e+19
91670400000.000	-5.429140055e+19
91756800000.000	-5.429140055e+19
91843200000.000	-5.429140055e+19
91929600000.000	-5.429140055e+19
92016000000.000	-5.429140055e+19
92102400000.000	-5.429140055e+19
92188800000.000	-5.429140055e+19
92275200000.000	-5.429140055e+19
92361600000.000	-5.429140055e+19
92448000000.000	-5.429140055e+19
92534400000.000	-5.429140055e+19
92620800000.000	-5.429140055e+19
92707200000.000	-5.429140055e+19
92793600000.000	-5.429140055e+19
92880000000.000	-5.429140055e+19
92966400000.000	-5.429140055e+19
93052800000.000	-5.429140055e+19
93139200000.000	-5.429140055e+19
93225600000.000	-5.429140055e+19
93312000000.000	-5.429140055e+19
93398400000.000	-5.429140055e+19
93484800000.000	-5.429140055e+19
93571200000.000	-5.429140055e+19
93657600000.000	-5.429140055e+19
93744000000.000	-5.429140055e+19
93830400000.000	-5.429140054e+19
93916800000.000	-5.429140054e+19
94003200000.000	-5.429140054e+19
94089600000.000	-5.429140053e+19
94176000000.000	-5.429140052e+19
94262400000.000	-5.429140050e+19
94348800000.000	-5.429140045e+19
94435200000.000	-5.429140044e+19
94521600000.000	-5.429140147e+19
94608000000.000	-5.429140233e+19
94694400000.000	-5.429140052e+19
94780800000.000	-5.429140044e+19
94867200000.000	-5.429140049e+19
94953600000.000	-5.429140051e+19
95040000000.000	-5.429140053e+19
95126400000.000	-5.429140054e+19
95212800000.000	-5.429140054e+19
95299200000.000	-5.429140054e+19
95385600000.000	-5.429140054e+19
95472000000.000	-5.429140055e+19
95558400000.000	-5.429140055e+19
95644800000.000	-5.429140055e+19
95731200000.000	-5.429140055e+19
95817600000.000	-5.429140055e+19
95904000000.000	-5.429140055e+19
95990400000.000	-5.429140055e+19
96076800000.000	-5.429140055e+19
96163200000.000	-5.429140055e+19
96249600000.000	-5.429140055e+19
96336000000.000	-5.429140054e+19
96422400000.000	-5.429140054e+19
96508800000.000	-5.429140054e+19
96595200000.000	-5.429140054e+19
96681600000.000	-5.429140053e+19
96768000000.000	-5.429140052e+19
96854400000.000	-5.429140050e+19
96940800000.000	-5.429140045e+19
97027200000.000	-5.429140039e+19
97113600000.000	-5.429140080e+19
97200000000.000	-5.429140225e+19
97286400000.000	-5.429140056e+19
97372800000.000	-5.429140040e+19
97459200000.000	-5.429140047e+19
97545600000.000	-5.429140050e+19
97632000000.000	-5.429140052e+19
97718400000.000	-5.429140053e+19
97804800000.000	-5.429140054e+19
97891200000.000	-5.429140054e+19
97977600000.000	-5.429140055e+19
98064000000.000	-5.429140055e+19
98150400000.000	-5.429140055e+19
98236800000.000	-5.429140055e+19
98323200000.000	-5.429140055e+19
98409600000.000	-5.429140055e+19
98496000000.000	-5.429140055e+19
98582400000.000	-5.429140055e+19
98668800000.000	-5.429140055e+19
98755200000.000	-5.429140055e+19
98841600000.000	-5.429140055e+19
98928000000.000	-5.429140055e+19
99014400000.000	-5.429140055e+19
99100800000.000	-5.429140054e+19
99187200000.000	-5.429140054e+19
99273600000.000	-5.429140053e+19
99360000000.000	-5.429140051e+19
99446400000.000	-5.429140049e+19
99532800000.000	-5.429140044e+19
99619200000.000	-5.429140050e+19
99705600000.000	-5.429140223e+19
99792000000.000	-5.429140156e+19
99878400000.000	-5.429140044e+19
99964800000.000	-5.429140045e+19
100051200000.000	-5.429140049e+19
100137600000.000	-5.429140052e+19
100224000000.000	-5.429140053e+19
100310400000.000	-5.429140054e+19
100396800000.000	-5.429140054e+19
100483200000.000	-5.429140054e+19
100569600000.000	-5.429140054e+19
100656000000.000	-5.429140055e+19
100742400000.000	-5.429140055e+19
100828800000.000	-5.429140055e+19
100915200000.000	-5.429140055e+19
101001600000.000	-5.429140055e+19
101088000000.000	-5.429140056e+19
101174400000.000	-5.429140056e+19
101260800000.000	-5.429140056e+19
101347200000.000	-5.429140056e+19
101433600000.000	-5.429140056e+19
101520000000.000	-5.429140056e+19
101606400000.000	-5.429140055e+19
101692800000.000	-5.429140055e+19
101779200000.000	-5.429140055e+19
101865600000.000	-5.429140055e+19
101952000000.000	-5.429140055e+19
102038400000.000	-5.429140055e+19
102124800000.000	-5.429140055e+19
102211200000.000	-5.429140055e+19
102297600000.000	-5.429140055e+19
102384000000.000	-5.429140055e+19
102470400000.000	-5.429140054e+19
102556800000.000	-5.429140054e+19
102643200000.000	-5.429140054e+19
102729600000.000	-5.429140054e+19
102816000000.000	-5.429140053e+19
102902400000.000	-5.429140052e+19
102988800000.000	-5.429140050e+19
103075200000.000	-5.429140044e+19
103161600000.000	-5.429140022e+19
103248000000.000	-5.429139820e+19
103334400000.000	-5.429188601e+19
103420800000.000	-5.429139870e+19
103507200000.000	-5.429140026e+19
103593600000.000	-5.429140045e+19
103680000000.000	-5.429140050e+19
103766400000.000	-5.429140052e+19
103852800000.000	-5.429140053e+19
103939200000.000	-5.429140054e+19
104025600000.000	-5.429140054e+19
104112000000.000	-5.429140054e+19
104198400000.000	-5.429140054e+19
104284800000.000	-5.429140054e+19
104371200000.000	-5.429140053e+19
104457600000.000	-5.429140052e+19
104544000000.000	-5.429140051e+19
104630400000.000	-5.429140047e+19
104716800000.000	-5.429140043e+19
104803200000.000	-5.429140067e+19
104889600000.000	-5.429140283e+19
104976000000.000	-5.429140098e+19
105062400000.000	-5.429140043e+19
105148800000.000	-5.429140047e+19
105235200000.000	-5.429140051e+19
105321600000.000	-5.429140053e+19
105408000000.000	-5.429140053e+19
105494400000.000	-5.429140054e+19
105580800000.000	-5.429140054e+19
105667200000.000	-5.429140054e+19
105753600000.000	-5.429140054e+19
105840000000.000	-5.429140055e+19
105926400000.000	-5.429140055e+19
106012800000.000	-5.429140055e+19
106099200000.000	-5.429140056e+19
106185600000.000	-5.429140058e+19
106272000000.000	-5.429140060e+19
106358400000.000	-5.429140062e+19
106444800000.000	-5.429140062e+19
106531200000.000	-5.429140060e+19
106617600000.000	-5.429140058e+19
106704000000.000	-5.429140056e+19
106790400000.000	-5.429140055e+19
106876800000.000	-5.429140055e+19
106963200000.000	-5.429140054e+19
107049600000.000	-5.429140054e+19
107136000000.000	-5.429140054e+19
107222400000.000	-5.429140054e+19
107308800000.000	-5.429140055e+19
107395200000.000	-5.429140055e+19
107481600000.000	-5.429140055e+19
107568000000.000	-5.429140055e+19
107654400000.000	-5.429140055e+19
107740800000.000	-5.429140055e+19
107827200000.000	-5.429140055e+19
107913600000.000	-5.429140055e+19
108000000000.000	-5.429140055e+19
108086400000.000	-5.429140055e+19
108172800000.000	-5.429140055e+19
108259200000.000	-5.429140055e+19
108345600000.000	-5.429140055e+19
108432000000.000	-5.429140055e+19
108518400000.000	-5.429140055e+19
108604800000.000	-5.429140055e+19
108691200000.000	-5.429140055e+19
108777600000.000	-5.429140055e+19
108864000000.000	-5.429140055e+19
108950400000.000	-5.429140055e+19
109036800000.000	-5.429140055e+19
109123200000.000	-5.429140055e+19
109209600000.000	-5.429140055e+19
109296000000.000	-5.429140055e+19
109382400000.000	-5.429140054e+19
109468800000.000	-5.429140054e+19
109555200000.000	-5.429140053e+19
109641600000.000	-5.429140052e+19
109728000000.000	-5.429140050e+19
109814400000.000	-5.429140046e+19
109900800000.000	-5.429140042e+19
109987200000.000	-5.429140103e+19
110073600000.000	-5.429140280e+19
110160000000.000	-5.429140067e+19
110246400000.000	-5.429140046e+19
110332800000.000	-5.429140051e+19
110419200000.000	-5.429140054e+19
110505600000.000	-5.429140054e+19
110592000000.000	-5.429140053e+19
110678400000.000	-5.429140051e+19
110764800000.000	-5.429140049e+19
110851200000.000	-5.429140046e+19
110937600000.000	-5.429140040e+19
111024000000.000	-5.429140039e+19
111110400000.000	-5.429140112e+19
111196800000.000	-5.429140245e+19
111283200000.000	-5.429140073e+19
111369600000.000	-5.429140038e+19
111456000000.000	-5.429140043e+19
111542400000.000	-5.429140048e+19
111628800000.000	-5.429140050e+19
111715200000.000	-5.429140052e+19
111801600000.000	-5.429140053e+19
111888000000.000	-5.429140053e+19
111974400000.000	-5.429140054e+19
112060800000.000	-5.429140054e+19
112147200000.000	-5.429140054e+19
112233600000.000	-5.429140054e+19
112320000000.000	-5.429140054e+19
112406400000.000	-5.429140054e+19
112492800000.000	-5.429140054e+19
112579200000.000	-5.429140054e+19
112665600000.000	-5.429140054e+19
112752000000.000	-5.429140053e+19
112838400000.000	-5.429140052e+19
112924800000.000	-5.429140050e+19
113011200000.000	-5.429140045e+19
113097600000.000	-5.429140035e+19
113184000000.000	-5.429140042e+19
113270400000.000	-5.429140346e+19
113356800000.000	-5.429140052e+19
113443200000.000	-5.429140033e+19
113529600000.000	-5.429140044e+19
113616000000.000	-5.429140050e+19
113702400000.000	-5.429140052e+19
113788800000.000	-5.429140053e+19
113875200000.000	-5.429140054e+19
113961600000.000	-5.429140054e+19
114048000000.000	-5.429140054e+19
114134400000.000	-5.429140054e+19
114220800000.000	-5.429140054e+19
114307200000.000	-5.429140054e+19
114393600000.000	-5.429140054e+19
114480000000.000	-5.429140054e+19
114566400000.000	-5.429140054e+19
114652800000.000	-5.429140054e+19
114739200000.000	-5.429140053e+19
114825600000.000	-5.429140052e+19
114912000000.000	-5.429140049e+19
114998400000.000	-5.429140045e+19
115084800000.000	-5.429140044e+19
115171200000.000	-5.429140161e+19
115257600000.000	-5.429140219e+19
115344000000.000	-5.429140049e+19
115430400000.000	-5.429140044e+19
115516800000.000	-5.429140049e+19
115603200000.000	-5.429140051e+19
115689600000.000	-5.429140053e+19
115776000000.000	-5.429140054e+19
115862400000.000	-5.429140054e+19
115948800000.000	-5.429140054e+19
116035200000.000	-5.429140055e+19
116121600000.000	-5.429140055e+19
116208000000.000	-5.429140055e+19
116294400000.000	-5.429140055e+19
116380800000.000	-5.429140055e+19
116467200000.000	-5.429140055e+19
116553600000.000	-5.429140055e+19
116640000000.000	-5.429140055e+19
116726400000.000	-5.429140055e+19
116812800000.000	-5.429140055e+19
116899200000.000	-5.429140055e+19
116985600000.000	-5.429140055e+19
117072000000.000	-5.429140055e+19
117158400000.000	-5.429140055e+19
117244800000.000	-5.429140055e+19
117331200000.000	-5.429140055e+19
117417600000.000	-5.429140055e+19
117504000000.000	-5.429140055e+19
117590400000.000	-5.429140055e+19
117676800000.000	-5.429140055e+19
117763200000.000	-5.429140055e+19
117849600000.000	-5.429140055e+19
117936000000.000	-5.429140055e+19
118022400000.000	-5.429140055e+19
118108800000.000	-5.429140055e+19
118195200000.000	-5.429140055e+19
118281600000.000	-5.429140054e+19
118368000000.000	-5.429140054e+19
118454400000.000	-5.429140054e+19
118540800000.000	-5.429140053e+19
118627200000.000	-5.429140052e+19
118713600000.000	-5.429140050e+19
118800000000.000	-5.429140046e+19
118886400000.000	-5.429140041e+19
118972800000.000	-5.429140076e+19
119059200000.000	-5.429140201e+19
119145600000.000	-5.429140062e+19
119232000000.000	-5.429140041e+19
119318400000.000	-5.429140047e+19
119404800000.000	-5.429140050e+19
119491200000.000	-5.429140052e+19
119577600000.000	-5.429140053e+19
119664000000.000	-5.429140053e+19
119750400000.000	-5.429140054e+19
119836800000.000	-5.429140053e+19
119923200000.000	-5.429140053e+19
120009600000.000	-5.429140052e+19
120096000000.000	-5.429140049e+19
120182400000.000	-5.429140044e+19
120268800000.000	-5.429140051e+19
120355200000.000	-5.429140234e+19
120441600000.000	-5.429140150e+19
120528000000.000	-5.429140043e+19
120614400000.000	-5.429140045e+19
120700800000.000	-5.429140050e+19
120787200000.000	-5.429140052e+19
120873600000.000	-5.429140053e+19
120960000000.000	-5.429140054e+19
121046400000.000	-5.429140054e+19
121132800000.000	-5.429140054e+19
121219200000.000	-5.429140054e+19
121305600000.000	-5.429140055e+19
121392000000.000	-5.429140055e+19
121478400000.000	-5.429140055e+19
121564800000.000	-5.429140055e+19
121651200000.000	-5.429140055e+19
121737600000.000	-5.429140055e+19
121824000000.000	-5.429140055e+19
121910400000.000	-5.429140055e+19
121996800000.000	-5.429140055e+19
122083200000.000	-5.429140054e+19
122169600000.000	-5.429140054e+19
122256000000.000	-5.429140054e+19
122342400000.000	-5.429140054e+19
122428800000.000	-5.429140053e+19
122515200000.000	-5.429140052e+19
122601600000.000	-5.429140051e+19
122688000000.000	-5.429140049e+19
122774400000.000	-5.429140052e+19
122860800000.000	-5.429140093e+19
122947200000.000	-5.429140148e+19
123033600000.000	-5.429140075e+19
123120000000.000	-5.429140050e+19
123206400000.000	-5.429140050e+19
123292800000.000	-5.429140051e+19
123379200000.000	-5.429140053e+19
123465600000.000	-5.429140053e+19
123552000000.000	-5.429140054e+19
123638400000.000	-5.429140054e+19
123724800000.000	-5.429140054e+19
123811200000.000	-5.429140055e+19
123897600000.000	-5.429140055e+19
123984000000.000	-5.429140055e+19
124070400000.000	-5.429140055e+19
124156800000.000	-5.429140055e+19
124243200000.000	-5.429140055e+19
124329600000.000	-5.429140055e+19
124416000000.000	-5.429140055e+19
124502400000.000	-5.429140055e+19
124588800000.000	-5.429140055e+19
124675200000.000	-5.429140055e+19
124761600000.000	-5.429140054e+19
124848000000.000	-5.429140054e+19
124934400000.000	-5.429140054e+19
125020800000.000	-5.429140053e+19
125107200000.000	-5.429140053e+19
125193600000.000	-5.429140051e+19
125280000000.000	-5.429140047e+19
125366400000.000	-5.429140042e+19
125452800000.000	-5.429140064e+19
125539200000.000	-5.429140295e+19
125625600000.000	-5.429140098e+19
125712000000.000	-5.429140041e+19
125798400000.000	-5.429140046e+19
125884800000.000	-5.429140050e+19
125971200000.000	-5.429140052e+19
126057600000.000	-5.429140053e+19
126144000000.000	-5.429140054e+19
126230400000.000	-5.429140054e+19
126316800000.000	-5.429140054e+19
126403200000.000	-5.429140055e+19
126489600000.000	-5.429140055e+19
126576000000.000	-5.429140055e+19
126662400000.000	-5.429140055e+19
126748800000.000	-5.429140055e+19
126835200000.000	-5.429140055e+19
126921600000.000	-5.429140055e+19
127008000000.000	-5.429140055e+19
127094400000.000	-5.429140055e+19
127180800000.000	-5.429140055e+19
127267200000.000	-5.429140055e+19
127353600000.000	-5.429140055e+19
127440000000.000	-5.429140055e+19
127526400000.000	-5.429140055e+19
127612800000.000	-5.429140055e+19
127699200000.000	-5.429140055e+19
127785600000.000	-5.429140055e+19
127872000000.000	-5.429140055e+19
127958400000.000	-5.429140055e+19
128044800000.000	-5.429140055e+19
128131200000.000	-5.429140055e+19
128217600000.000	-5.429140055e+19
128304000000.000	-5.429140055e+19
128390400000.000	-5.429140055e+19
128476800000.000	-5.429140055e+19
128563200000.000	-5.429140055e+19
128649600000.000	-5.429140055e+19
128736000000.000	-5.429140055e+19
128822400000.000	-5.429140055e+19
128908800000.000	-5.429140055e+19
128995200000.000	-5.429140055e+19
129081600000.000	-5.429140055e+19
129168000000.000	-5.429140055e+19
129254400000.000	-5.429140055e+19
129340800000.000	-5.429140055e+19
129427200000.000	-5.429140055e+19
129513600000.000	-5.429140055e+19
129600000000.000	-5.429140055e+19
129686400000.000	-5.429140055e+19
129772800000.000	-5.429140055e+19
129859200000.000	-5.429140055e+19
129945600000.000	-5.429140054e+19
130032000000.000	-5.429140054e+19
130118400000.000	-5.429140054e+19
130204800000.000	-5.429140053e+19
130291200000.000	-5.429140052e+19
130377600000.000	-5.429140050e+19
130464000000.000	-5.429140046e+19
130550400000.000	-5.429140039e+19
130636800000.000	-5.429140093e+19
130723200000.000	-5.429140341e+19
130809600000.000	-5.429140059e+19
130896000000.000	-5.429140041e+19
130982400000.000	-5.429140048e+19
131068800000.000	-5.429140051e+19
131155200000.000	-5.429140053e+19
131241600000.000	-5.429140054e+19
131328000000.000	-5.429140054e+19
131414400000.000	-5.429140054e+19
131500800000.000	-5.429140054e+19
131587200000.000	-5.429140055e+19
131673600000.000	-5.429140055e+19
131760000000.000	-5.429140055e+19
131846400000.000	-5.429140055e+19
131932800000.000	-5.429140055e+19
132019200000.000	-5.429140055e+19
132105600000.000	-5.429140055e+19
132192000000.000	-5.429140055e+19
132278400000.000	-5.429140055e+19
132364800000.000	-5.429140055e+19
132451200000.000	-5.429140055e+19
132537600000.000	-5.429140055e+19
132624000000.000	-5.429140055e+19
132710400000.000	-5.429140055e+19
132796800000.000	-5.429140055e+19
132883200000.000	-5.429140055e+19
132969600000.000	-5.429140055e+19
133056000000.000	-5.429140055e+19
133142400000.000	-5.429140055e+19
133228800000.000	-5.429140055e+19
133315200000.000	-5.429140055e+19
133401600000.000	-5.429140055e+19
133488000000.000	-5.429140055e+19
133574400000.000	-5.429140055e+19
133660800000.000	-5.429140054e+19
133747200000.000	-5.429140054e+19
133833600000.000	-5.429140054e+19
133920000000.000	-5.429140053e+19
134006400000.000	-5.429140052e+19
134092800000.000	-5.429140050e+19
134179200000.000	-5.429140049e+19
134265600000.000	-5.429140057e+19
134352000000.000	-5.429140101e+19
134438400000.000	-5.429140108e+19
134524800000.000	-5.429140060e+19
134611200000.000	-5.429140049e+19
134697600000.000	-5.429140050e+19
134784000000.000	-5.429140052e+19
134870400000.000	-5.429140053e+19
134956800000.000	-5.429140053e+19
135043200000.000	-5.429140054e+19
135129600000.000	-5.429140054e+19
135216000000.000	-5.429140054e+19
135302400000.000	-5.429140053e+19
135388800000.000	-5.429140052e+19
135475200000.000	-5.429140051e+19
135561600000.000	-5.429140048e+19
135648000000.000	-5.429140046e+19
135734400000.000	-5.429140080e+19
135820800000.000	-5.429140224e+19
135907200000.000	-5.429140094e+19
135993600000.000	-5.429140047e+19
136080000000.000	-5.429140048e+19
136166400000.000	-5.429140050e+19
136252800000.000	-5.429140052e+19
136339200000.000	-5.429140053e+19
136425600000.000	-5.429140053e+19
136512000000.000	-5.429140053e+19
136598400000.000	-5.429140053e+19
136684800000.000	-5.429140053e+19
136771200000.000	-5.429140052e+19
136857600000.000	-5.429140052e+19
136944000000.000	-5.429140057e+19
137030400000.000	-5.429140076e+19
137116800000.000	-5.429140099e+19
137203200000.000	-5.429140080e+19
137289600000.000	-5.429140058e+19
137376000000.000	-5.429140053e+19
137462400000.000	-5.429140052e+19
137548800000.000	-5.429140053e+19
137635200000.000	-5.429140054e+19
137721600000.000	-5.429140054e+19
137808000000.000	-5.429140054e+19
137894400000.000	-5.429140054e+19
137980800000.000	-5.429140055e+19
138067200000.000	-5.429140055e+19
138153600000.000	-5.429140055e+19
138240000000.000	-5.429140055e+19
138326400000.000	-5.429140055e+19
138412800000.000	-5.429140055e+19
138499200000.000	-5.429140055e+19
138585600000.000	-5.429140055e+19
138672000000.000	-5.429140055e+19
138758400000.000	-5.429140055e+19
138844800000.000	-5.429140055e+19
138931200000.000	-5.429140055e+19
139017600000.000	-5.429140055e+19
139104000000.000	-5.429140055e+19
139190400000.000	-5.429140055e+19
139276800000.000	-5.429140055e+19
139363200000.000	-5.429140055e+19
139449600000.000	-5.429140055e+19
139536000000.000	-5.429140055e+19
139622400000.000	-5.429140055e+19
139708800000.000	-5.429140055e+19
139795200000.000	-5.429140055e+19
139881600000.000	-5.429140055e+19
139968000000.000	-5.429140055e+19
140054400000.000	-5.429140055e+19
140140800000.000	-5.429140055e+19
140227200000.000	-5.429140055e+19
140313600000.000	-5.429140055e+19
140400000000.000	-5.429140055e+19
140486400000.000	-5.429140054e+19
140572800000.000	-5.429140054e+19
140659200000.000	-5.429140054e+19
140745600000.000	-5.429140053e+19
140832000000.000	-5.429140052e+19
140918400000.000	-5.429140050e+19
141004800000.000	-5.429140047e+19
141091200000.000	-5.429140047e+19
141177600000.000	-5.429140113e+19
141264000000.000	-5.429140219e+19
141350400000.000	-5.429140067e+19
141436800000.000	-5.429140046e+19
141523200000.000	-5.429140049e+19
141609600000.000	-5.429140051e+19
141696000000.000	-5.429140053e+19
141782400000.000	-5.429140053e+19
141868800000.000	-5.429140054e+19
141955200000.000	-5.429140054e+19
142041600000.000	-5.429140054e+19
142128000000.000	-5.429140054e+19
142214400000.000	-5.429140054e+19
142300800000.000	-5.429140054e+19
142387200000.000	-5.429140054e+19
142473600000.000	-5.429140054e+19
142560000000.000	-5.429140054e+19
142646400000.000	-5.429140054e+19
142732800000.000	-5.429140054e+19
142819200000.000	-5.429140055e+19
142905600000.000	-5.429140055e+19
142992000000.000	-5.429140056e+19
143078400000.000	-5.429140058e+19
143164800000.000	-5.429140060e+19
143251200000.000	-5.429140061e+19
143337600000.000	-5.429140060e+19
143424000000.000	-5.429140058e+19
143510400000.000	-5.429140056e+19
143596800000.000	-5.429140055e+19
143683200000.000	-5.429140055e+19
143769600000.000	-5.429140055e+19
143856000000.000	-5.429140055e+19
143942400000.000	-5.429140055e+19
144028800000.000	-5.429140055e+19
144115200000.000	-5.429140055e+19
144201600000.000	-5.429140055e+19
144288000000.000	-5.429140055e+19
144374400000.000	-5.429140055e+19
144460800000.000	-5.429140055e+19
144547200000.000	-5.429140055e+19
144633600000.000	-5.429140055e+19
144720000000.000	-5.429140055e+19
144806400000.000	-5.429140055e+19
144892800000.000	-5.429140055e+19
144979200000.000	-5.429140055e+19
145065600000.000	-5.429140055e+19
145152000000.000	-5.429140055e+19
145238400000.000	-5.429140055e+19
145324800000.000	-5.429140055e+19
145411200000.000	-5.429140055e+19
145497600000.000	-5.429140055e+19
145584000000.000	-5.429140055e+19
145670400000.000	-5.429140055e+19
145756800000.000	-5.429140054e+19
145843200000.000	-5.429140054e+19
145929600000.000	-5.429140054e+19
146016000000.000	-5.429140053e+19
146102400000.000	-5.429140052e+19
146188800000.000	-5.429140050e+19
146275200000.000	-5.429140046e+19
146361600000.000	-5.429140047e+19
146448000000.000	-5.429140144e+19
146534400000.000	-5.429140209e+19
146620800000.000	-5.429140056e+19
146707200000.000	-5.429140045e+19
146793600000.000	-5.429140049e+19
146880000000.000	-5.429140051e+19
146966400000.000	-5.429140053e+19
147052800000.000	-5.429140054e+19
147139200000.000	-5.429140054e+19
147225600000.000	-5.429140054e+19
147312000000.000	-5.429140055e+19
147398400000.000	-5.429140055e+19
147484800000.000	-5.429140055e+19
147571200000.000	-5.429140055e+19
147657600000.000	-5.429140055e+19
147744000000.000	-5.429140055e+19
147830400000.000	-5.429140055e+19
147916800000.000	-5.429140055e+19
148003200000.000	-5.429140055e+19
148089600000.000	-5.429140055e+19
148176000000.000	-5.429140055e+19
148262400000.000	-5.429140055e+19
148348800000.000	-5.429140055e+19
148435200000.000	-5.429140055e+19
148521600000.000	-5.429140055e+19
148608000000.000	-5.429140055e+19
148694400000.000	-5.429140055e+19
148780800000.000	-5.429140055e+19
148867200000.000	-5.429140055e+19
148953600000.000	-5.429140055e+19
149040000000.000	-5.429140055e+19
149126400000.000	-5.429140055e+19
149212800000.000	-5.429140055e+19
149299200000.000	-5.429140055e+19
149385600000.000	-5.429140055e+19
149472000000.000	-5.429140055e+19
149558400000.000	-5.429140055e+19
149644800000.000	-5.429140057e+19
149731200000.000	-5.429140059e+19
149817600000.000	-5.429140061e+19
149904000000.000	-5.429140062e+19
149990400000.000	-5.429140061e+19
150076800000.000	-5.429140058e+19
150163200000.000	-5.429140056e+19
150249600000.000	-5.429140055e+19
150336000000.000	-5.429140055e+19
150422400000.000	-5.429140054e+19
150508800000.000	-5.429140054e+19
150595200000.000	-5.429140054e+19
150681600000.000	-5.429140054e+19
150768000000.000	-5.429140054e+19
150854400000.000	-5.429140054e+19
150940800000.000	-5.429140054e+19
151027200000.000	-5.429140053e+19
151113600000.000	-5.429140053e+19
151200000000.000	-5.429140052e+19
151286400000.000	-5.429140051e+19
151372800000.000	-5.429140050e+19
151459200000.000	-5.429140052e+19
151545600000.000	-5.429140062e+19
151632000000.000	-5.429140085e+19
151718400000.000	-5.429140220e+19
151804800000.000	-5.429140156e+19
151891200000.000	-5.429140041e+19
151977600000.000	-5.429140031e+19
152064000000.000	-5.429139999e+19
152150400000.000	-5.429139307e+19
152236800000.000	-5.593163414e+19
152323200000.000	-5.593163415e+19
152409600000.000	-5.593163416e+19
152496000000.000	-5.593163416e+19
152582400000.000	-5.593163416e+19
152668800000.000	-5.593163416e+19
152755200000.000	-5.593163417e+19
152841600000.000	-5.593163417e+19
152928000000.000	-5.593163417e+19
153014400000.000	-5.593163417e+19
153100800000.000	-5.593163417e+19
153187200000.000	-5.593163417e+19
153273600000.000	-5.593163417e+19
153360000000.000	-5.593163417e+19
153446400000.000	-5.593163417e+19
153532800000.000	-5.593163417e+19
153619200000.000	-5.593163417e+19
153705600000.000	-5.593163417e+19
153792000000.000	-5.593163417e+19
153878400000.000	-5.593163417e+19
153964800000.000	-5.593163417e+19
154051200000.000	-5.593163417e+19
154137600000.000	-5.593163417e+19
154224000000.000	-5.593163417e+19
154310400000.000	-5.593163417e+19
154396800000.000	-5.593163417e+19
154483200000.000	-5.593163417e+19
154569600000.000	-5.593163417e+19
154656000000.000	-5.593163417e+19
154742400000.000	-5.593163417e+19
154828800000.000	-5.593163417e+19
154915200000.000	-5.593163417e+19
155001600000.000	-5.593163417e+19
155088000000.000	-5.593163417e+19
155174400000.000	-5.593163417e+19
155260800000.000	-5.593163417e+19
155347200000.000	-5.593163417e+19
155433600000.000	-5.593163417e+19
155520000000.000	-5.593163417e+19
155606400000.000	-5.593163417e+19
155692800000.000	-5.593163417e+19
155779200000.000	-5.593163417e+19
155865600000.000	-5.593163417e+19
155952000000.000	-5.593163417e+19
156038400000.000	-5.593163417e+19
156124800000.000	-5.593163417e+19
156211200000.000	-5.593163417e+19
156297600000.000	-5.593163417e+19
156384000000.000	-5.593163416e+19
156470400000.000	-5.593163416e+19
156556800000.000	-5.593163415e+19
156643200000.000	-5.593163413e+19
156729600000.000	-5.593163410e+19
156816000000.000	-5.593163406e+19
156902400000.000	-5.593163432e+19
156988800000.000	-5.593163612e+19
157075200000.000	-5.593163464e+19
157161600000.000	-5.593163407e+19
157248000000.000	-5.593163409e+19
157334400000.000	-5.593163412e+19
157420800000.000	-5.593163414e+19
157507200000.000	-5.593163415e+19
157593600000.000	-5.593163416e+19
