0.000	6.455307816e+31
86400000.000	6.455269202e+31
172800000.000	6.455228910e+31
259200000.000	6.455186947e+31
345600000.000	6.455143319e+31
432000000.000	6.455098039e+31
518400000.000	6.455051118e+31
604800000.000	6.455002572e+31
691200000.000	6.454952417e+31
777600000.000	6.454900674e+31
864000000.000	6.454847364e+31
950400000.000	6.454792512e+31
1036800000.000	6.454736142e+31
1123200000.000	6.454678283e+31
1209600000.000	6.454618966e+31
1296000000.000	6.454558223e+31
1382400000.000	6.454496088e+31
1468800000.000	6.454432597e+31
1555200000.000	6.454367789e+31
1641600000.000	6.454301703e+31
1728000000.000	6.454234381e+31
1814400000.000	6.454165866e+31
1900800000.000	6.454096204e+31
1987200000.000	6.454026142e+31
2073600000.000	6.453961212e+31
2160000000.000	6.453895328e+31
2246400000.000	6.453828542e+31
2332800000.000	6.453760906e+31
2419200000.000	6.453692477e+31
2505600000.000	6.453623308e+31
2592000000.000	6.453553458e+31
2678400000.000	6.453482985e+31
2764800000.000	6.453411946e+31
2851200000.000	6.453340404e+31
2937600000.000	6.453268418e+31
3024000000.000	6.453196051e+31
3110400000.000	6.453123366e+31
3196800000.000	6.453050427e+31
3283200000.000	6.452977298e+31
3369600000.000	6.452904044e+31
3456000000.000	6.452830732e+31
3542400000.000	6.452757427e+31
3628800000.000	6.452684196e+31
3715200000.000	6.452611108e+31
3801600000.000	6.452538231e+31
3888000000.000	6.452465631e+31
3974400000.000	6.452393379e+31
4060800000.000	6.452321544e+31
4147200000.000	6.452250195e+31
4233600000.000	6.452179402e+31
4320000000.000	6.452109235e+31
4406400000.000	6.452039764e+31
4492800000.000	6.451971059e+31
4579200000.000	6.451903193e+31
4665600000.000	6.451836234e+31
4752000000.000	6.451770255e+31
4838400000.000	6.451705326e+31
4924800000.000	6.451641518e+31
5011200000.000	6.451578904e+31
5097600000.000	6.451517554e+31
5184000000.000	6.451457540e+31
5270400000.000	6.451398934e+31
5356800000.000	6.451341807e+31
5443200000.000	6.451286231e+31
5529600000.000	6.451232279e+31
5616000000.000	6.451180021e+31
5702400000.000	6.451129530e+31
5788800000.000	6.451080878e+31
5875200000.000	6.451034138e+31
5961600000.000	6.450989382e+31
6048000000.000	6.450946682e+31
6134400000.000	6.450906111e+31
6220800000.000	6.450867742e+31
6307200000.000	6.450852342e+31
6393600000.000	6.450946682e+31
6480000000.000	6.451044055e+31
6566400000.000	6.451144502e+31
6652800000.000	6.451248065e+31
6739200000.000	6.451354785e+31
6825600000.000	6.451464708e+31
6912000000.000	6.451577877e+31
6998400000.000	6.451694339e+31
7084800000.000	6.451814140e+31
7171200000.000	6.451937329e+31
7257600000.000	6.452063955e+31
7344000000.000	6.452194068e+31
7430400000.000	6.452327721e+31
7516800000.000	6.452464966e+31
7603200000.000	6.452605858e+31
7689600000.000	6.452750453e+31
7776000000.000	6.452898808e+31
7862400000.000	6.453050981e+31
7948800000.000	6.453207032e+31
8035200000.000	6.453367023e+31
8121600000.000	6.453531017e+31
8208000000.000	6.453699078e+31
8294400000.000	6.453871273e+31
8380800000.000	6.454047669e+31
8467200000.000	6.454228336e+31
8553600000.000	6.454413345e+31
8640000000.000	6.459451649e+31
8726400000.000	6.466189986e+31
8812800000.000	6.475188349e+31
8899200000.000	6.488132924e+31
8985600000.000	6.509203946e+31
9072000000.000	6.553149734e+31
9158400000.000	6.754206369e+31
9244800000.000	6.456058890e+31
9331200000.000	6.456286492e+31
9417600000.000	6.456519254e+31
9504000000.000	6.456757271e+31
9590400000.000	6.457000636e+31
9676800000.000	6.457249450e+31
9763200000.000	6.457503813e+31
9849600000.000	6.457763828e+31
9936000000.000	6.458029601e+31
10022400000.000	6.458301241e+31
10108800000.000	6.458578860e+31
10195200000.000	6.458862572e+31
10281600000.000	6.459152494e+31
10368000000.000	6.459448746e+31
10454400000.000	6.459751451e+31
10540800000.000	6.460060737e+31
10627200000.000	6.460376733e+31
10713600000.000	6.460699571e+31
10800000000.000	6.461029389e+31
10886400000.000	6.461366325e+31
10972800000.000	6.461710523e+31
11059200000.000	6.462062130e+31
11145600000.000	6.462421297e+31
11232000000.000	6.462788178e+31
11318400000.000	6.463162931e+31
11404800000.000	6.463545717e+31
11491200000.000	6.463936704e+31
11577600000.000	6.464336061e+31
11664000000.000	6.464743961e+31
11750400000.000	6.465160584e+31
11836800000.000	6.465586111e+31
11923200000.000	6.466020728e+31
12009600000.000	6.466464627e+31
12096000000.000	6.466918001e+31
12182400000.000	6.467381050e+31
12268800000.000	6.467853975e+31
12355200000.000	6.468336985e+31
12441600000.000	6.468830290e+31
12528000000.000	6.469334103e+31
12614400000.000	6.469848644e+31
12700800000.000	6.470374134e+31
12787200000.000	6.470910797e+31
12873600000.000	6.471458861e+31
12960000000.000	6.472018556e+31
13046400000.000	6.472590115e+31
13132800000.000	6.473173770e+31
13219200000.000	6.473769756e+31
13305600000.000	6.474378310e+31
13392000000.000	6.474999664e+31
13478400000.000	6.475634052e+31
13564800000.000	6.476281706e+31
13651200000.000	6.476942851e+31
13737600000.000	6.477617710e+31
13824000000.000	6.478306497e+31
13910400000.000	6.479009421e+31
13996800000.000	6.479726676e+31
14083200000.000	6.480458447e+31
14169600000.000	6.481204901e+31
14256000000.000	6.481966187e+31
14342400000.000	6.482742433e+31
14428800000.000	6.483533741e+31
14515200000.000	6.484340182e+31
14601600000.000	6.485161793e+31
14688000000.000	6.485998571e+31
14774400000.000	6.486850466e+31
14860800000.000	6.487717375e+31
14947200000.000	6.488599136e+31
15033600000.000	6.489495515e+31
15120000000.000	6.490406203e+31
15206400000.000	6.491330802e+31
15292800000.000	6.492268813e+31
15379200000.000	6.496395622e+31
15465600000.000	6.504281662e+31
15552000000.000	6.512665375e+31
15638400000.000	6.521577937e+31
15724800000.000	6.531035727e+31
15811200000.000	6.541022798e+31
15897600000.000	6.551457616e+31
15984000000.000	6.562130099e+31
16070400000.000	6.572583054e+31
16156800000.000	6.581893612e+31
16243200000.000	6.588295323e+31
16329600000.000	6.588633481e+31
16416000000.000	6.577985910e+31
16502400000.000	6.550733322e+31
16588800000.000	6.507133067e+31
16675200000.000	6.508077065e+31
16761600000.000	6.508995246e+31
16848000000.000	6.509882535e+31
16934400000.000	6.510733508e+31
17020800000.000	6.511542414e+31
17107200000.000	6.512303212e+31
17193600000.000	6.513009618e+31
17280000000.000	6.513655172e+31
17366400000.000	6.514233312e+31
17452800000.000	6.514737472e+31
17539200000.000	6.515161188e+31
17625600000.000	6.515498221e+31
17712000000.000	6.515758078e+31
17798400000.000	6.515995579e+31
17884800000.000	6.516130937e+31
17971200000.000	6.516160188e+31
18057600000.000	6.516080276e+31
18144000000.000	6.515889165e+31
18230400000.000	6.515585931e+31
18316800000.000	6.515170825e+31
18403200000.000	6.514645302e+31
18489600000.000	6.514012021e+31
18576000000.000	6.513274801e+31
18662400000.000	6.512438549e+31
18748800000.000	6.511509151e+31
18835200000.000	6.510493342e+31
18921600000.000	6.509398549e+31
19008000000.000	6.508232732e+31
19094400000.000	6.507004203e+31
19180800000.000	6.505721463e+31
19267200000.000	6.504393041e+31
19353600000.000	6.503027339e+31
19440000000.000	6.501632513e+31
19526400000.000	6.500216353e+31
19612800000.000	6.498786201e+31
19699200000.000	6.497348882e+31
19785600000.000	6.495910660e+31
19872000000.000	6.494477211e+31
19958400000.000	6.493053612e+31
20044800000.000	6.491644347e+31
20131200000.000	6.490253323e+31
20217600000.000	6.488883896e+31
20304000000.000	6.487538899e+31
20390400000.000	6.486220687e+31
20476800000.000	6.484931167e+31
20563200000.000	6.483671846e+31
20649600000.000	6.482443868e+31
20736000000.000	6.481248057e+31
20822400000.000	6.480084951e+31
20908800000.000	6.478954841e+31
20995200000.000	6.477857802e+31
21081600000.000	6.476793728e+31
21168000000.000	6.475762354e+31
21254400000.000	6.474763286e+31
21340800000.000	6.473796021e+31
21427200000.000	6.472859966e+31
21513600000.000	6.471954460e+31
21600000000.000	6.471078783e+31
21686400000.000	6.470232175e+31
21772800000.000	6.469413843e+31
21859200000.000	6.478948589e+31
21945600000.000	6.748049267e+31
22032000000.000	6.711736186e+31
22118400000.000	6.499620337e+31
22204800000.000	6.465717541e+31
22291200000.000	6.465051554e+31
22377600000.000	6.464408086e+31
22464000000.000	6.463786346e+31
22550400000.000	6.463185558e+31
22636800000.000	6.462604966e+31
22723200000.000	6.462043832e+31
22809600000.000	6.461501439e+31
22896000000.000	6.460977090e+31
22982400000.000	6.460470110e+31
23068800000.000	6.459979844e+31
23155200000.000	6.459505657e+31
23241600000.000	6.459233626e+31
23328000000.000	6.459698313e+31
23414400000.000	6.460179918e+31
23500800000.000	6.460677571e+31
23587200000.000	6.461190405e+31
23673600000.000	6.461717551e+31
23760000000.000	6.462258136e+31
23846400000.000	6.462811286e+31
23932800000.000	6.463376121e+31
24019200000.000	6.463951754e+31
24105600000.000	6.464537292e+31
24192000000.000	6.465131830e+31
24278400000.000	6.465919328e+31
24364800000.000	6.466978636e+31
24451200000.000	6.468034845e+31
24537600000.000	6.469109055e+31
24624000000.000	6.470186479e+31
24710400000.000	6.471258876e+31
24796800000.000	6.472325523e+31
24883200000.000	6.473385668e+31
24969600000.000	6.474438532e+31
25056000000.000	6.475483306e+31
25142400000.000	6.476562388e+31
25228800000.000	6.477635665e+31
25315200000.000	6.478698441e+31
25401600000.000	6.479749796e+31
25488000000.000	6.480788783e+31
25574400000.000	6.481814431e+31
25660800000.000	6.482825737e+31
25747200000.000	6.483821679e+31
25833600000.000	6.484801204e+31
25920000000.000	6.485763242e+31
26006400000.000	6.486706696e+31
26092800000.000	6.487630451e+31
26179200000.000	6.488533373e+31
26265600000.000	6.489414311e+31
26352000000.000	6.490272097e+31
26438400000.000	6.491105554e+31
26524800000.000	6.491913491e+31
26611200000.000	6.492694711e+31
26697600000.000	6.493448013e+31
26784000000.000	6.494172192e+31
26870400000.000	6.494866046e+31
26956800000.000	6.495528376e+31
27043200000.000	6.496157993e+31
27129600000.000	6.496753719e+31
27216000000.000	6.497314389e+31
27302400000.000	6.497838862e+31
27388800000.000	6.498326018e+31
27475200000.000	6.498774764e+31
27561600000.000	6.499184041e+31
27648000000.000	6.499552823e+31
27734400000.000	6.499880129e+31
27820800000.000	6.500165017e+31
27907200000.000	6.500406597e+31
27993600000.000	6.500604032e+31
28080000000.000	6.500756540e+31
28166400000.000	6.500863401e+31
28252800000.000	6.500923960e+31
28339200000.000	6.500937627e+31
28425600000.000	6.500903887e+31
28512000000.000	6.500822297e+31
28598400000.000	6.500692491e+31
28684800000.000	6.500514183e+31
28771200000.000	6.508223079e+31
28857600000.000	6.525480303e+31
28944000000.000	6.539740477e+31
29030400000.000	6.549385662e+31
29116800000.000	6.553933701e+31
29203200000.000	6.554056084e+31
29289600000.000	6.551004140e+31
29376000000.000	6.546020409e+31
29462400000.000	6.540052599e+31
29548800000.000	6.533720360e+31
29635200000.000	6.527387715e+31
29721600000.000	6.521248761e+31
29808000000.000	6.515394248e+31
29894400000.000	6.509855729e+31
29980800000.000	6.504632631e+31
30067200000.000	6.499708109e+31
30153600000.000	6.495058048e+31
30240000000.000	6.490656030e+31
30326400000.000	6.488144057e+31
30412800000.000	6.487063777e+31
30499200000.000	6.485947692e+31
30585600000.000	6.484797131e+31
30672000000.000	6.483613462e+31
30758400000.000	6.482398085e+31
30844800000.000	6.481152429e+31
30931200000.000	6.479877948e+31
31017600000.000	6.478576115e+31
31104000000.000	6.477248419e+31
31190400000.000	6.475896359e+31
31276800000.000	6.474521444e+31
31363200000.000	6.473125182e+31
31449600000.000	6.471709083e+31
31536000000.000	6.470274653e+31
31622400000.000	6.468823388e+31
31708800000.000	6.467356775e+31
31795200000.000	6.465876285e+31
31881600000.000	6.464383373e+31
31968000000.000	6.462879476e+31
32054400000.000	6.461366005e+31
32140800000.000	6.460760644e+31
32227200000.000	6.460622138e+31
32313600000.000	6.832988028e+31
32400000000.000	6.585340271e+31
32486400000.000	6.477943492e+31
32572800000.000	6.460059444e+31
32659200000.000	6.459918114e+31
32745600000.000	6.459777133e+31
32832000000.000	6.459636813e+31
32918400000.000	6.459497463e+31
33004800000.000	6.459359395e+31
33091200000.000	6.470398970e+31
33177600000.000	6.490712245e+31
33264000000.000	6.527355371e+31
33350400000.000	6.624100924e+31
33436800000.000	6.459191269e+31
33523200000.000	6.459349864e+31
33609600000.000	6.459509327e+31
33696000000.000	6.459669670e+31
33782400000.000	6.459830904e+31
33868800000.000	6.459993040e+31
33955200000.000	6.460156089e+31
34041600000.000	6.460320064e+31
34128000000.000	6.460484977e+31
34214400000.000	6.460650840e+31
34300800000.000	6.460817667e+31
34387200000.000	6.460985470e+31
34473600000.000	6.461870187e+31
34560000000.000	6.464207736e+31
34646400000.000	6.466603538e+31
34732800000.000	6.469049779e+31
34819200000.000	6.471534929e+31
34905600000.000	6.474042616e+31
34992000000.000	6.476550231e+31
35078400000.000	6.479027233e+31
35164800000.000	6.482174501e+31
35251200000.000	6.491909762e+31
35337600000.000	6.502012194e+31
35424000000.000	6.512448615e+31
35510400000.000	6.523160900e+31
35596800000.000	6.534052999e+31
35683200000.000	6.544967676e+31
35769600000.000	6.555641909e+31
35856000000.000	6.565705032e+31
35942400000.000	6.574903371e+31
36028800000.000	6.581068547e+31
36115200000.000	6.581443434e+31
36201600000.000	6.571457094e+31
36288000000.000	6.545145692e+31
36374400000.000	6.502928390e+31
36460800000.000	6.471021279e+31
36547200000.000	6.472069553e+31
36633600000.000	6.473135596e+31
36720000000.000	6.474219773e+31
36806400000.000	6.475322449e+31
36892800000.000	6.476443988e+31
36979200000.000	6.477584758e+31
37065600000.000	6.478745121e+31
37152000000.000	6.479925438e+31
37238400000.000	6.481126064e+31
37324800000.000	6.482347350e+31
37411200000.000	6.483589635e+31
37497600000.000	6.484853250e+31
37584000000.000	6.486138512e+31
37670400000.000	6.487445720e+31
37756800000.000	6.488775158e+31
37843200000.000	6.490127082e+31
37929600000.000	6.491501727e+31
38016000000.000	6.492899292e+31
38102400000.000	6.494319946e+31
38188800000.000	6.495763812e+31
38275200000.000	6.497230970e+31
38361600000.000	6.498721447e+31
38448000000.000	6.500235211e+31
38534400000.000	6.501772164e+31
38620800000.000	6.503332131e+31
38707200000.000	6.504914858e+31
38793600000.000	6.506544452e+31
38880000000.000	6.508209140e+31
38966400000.000	6.509895453e+31
39052800000.000	6.511602706e+31
39139200000.000	6.513330080e+31
39225600000.000	6.515076610e+31
39312000000.000	6.516841169e+31
39398400000.000	6.518622458e+31
39484800000.000	6.520418992e+31
39571200000.000	6.522229088e+31
39657600000.000	6.524050849e+31
39744000000.000	6.526169193e+31
39830400000.000	6.528400198e+31
39916800000.000	6.530637835e+31
40003200000.000	6.532878191e+31
40089600000.000	6.535117082e+31
40176000000.000	6.537408196e+31
40262400000.000	6.539778206e+31
40348800000.000	6.542132077e+31
40435200000.000	6.544464758e+31
40521600000.000	6.546771001e+31
40608000000.000	6.549045383e+31
40694400000.000	6.551282345e+31
40780800000.000	6.553476223e+31
40867200000.000	6.555621299e+31
40953600000.000	6.557711845e+31
41040000000.000	6.559742185e+31
41126400000.000	6.561706751e+31
41212800000.000	6.563600151e+31
41299200000.000	6.565417238e+31
41385600000.000	6.567153183e+31
41472000000.000	6.568803548e+31
41558400000.000	6.570364359e+31
41644800000.000	6.571832177e+31
41731200000.000	6.573204169e+31
41817600000.000	6.574478163e+31
41904000000.000	6.575652705e+31
41990400000.000	6.576727106e+31
42076800000.000	6.577701469e+31
42163200000.000	6.578576712e+31
42249600000.000	6.579354575e+31
42336000000.000	6.580037615e+31
42422400000.000	6.580629185e+31
42508800000.000	6.581133401e+31
42595200000.000	6.581555095e+31
42681600000.000	6.581899764e+31
42768000000.000	6.582173493e+31
42854400000.000	6.582382888e+31
42940800000.000	6.582534982e+31
43027200000.000	6.582637142e+31
43113600000.000	6.582696964e+31
43200000000.000	6.582722144e+31
43286400000.000	6.582720344e+31
43372800000.000	6.582699014e+31
43459200000.000	6.582665174e+31
43545600000.000	6.582625130e+31
43632000000.000	6.582584080e+31
43718400000.000	6.582545569e+31
43804800000.000	6.582510699e+31
43891200000.000	6.582476990e+31
43977600000.000	6.582436704e+31
44064000000.000	6.582374374e+31
44150400000.000	6.582263183e+31
44236800000.000	6.650928593e+31
44323200000.000	6.690106799e+31
44409600000.000	6.681510380e+31
44496000000.000	6.664541097e+31
44582400000.000	6.648084766e+31
44668800000.000	6.633162724e+31
44755200000.000	6.619291498e+31
44841600000.000	6.605881275e+31
44928000000.000	6.592634672e+31
45014400000.000	6.579694927e+31
45100800000.000	6.567587530e+31
45187200000.000	6.563171890e+31
45273600000.000	6.561094641e+31
45360000000.000	6.560214844e+31
45446400000.000	6.563832486e+31
45532800000.000	6.568961858e+31
45619200000.000	6.575542340e+31
45705600000.000	6.581956973e+31
45792000000.000	6.583950579e+31
45878400000.000	6.580345956e+31
45964800000.000	6.573784939e+31
46051200000.000	6.567141742e+31
46137600000.000	6.561500335e+31
46224000000.000	6.563214823e+31
46310400000.000	6.571270172e+31
46396800000.000	6.584662810e+31
46483200000.000	6.606529443e+31
46569600000.000	6.642352090e+31
46656000000.000	6.689633757e+31
46742400000.000	6.679647501e+31
46828800000.000	6.609202434e+31
46915200000.000	6.560926755e+31
47001600000.000	6.538103424e+31
47088000000.000	6.537045399e+31
47174400000.000	6.536064500e+31
47260800000.000	6.535135306e+31
47347200000.000	6.534228481e+31
47433600000.000	6.533307655e+31
47520000000.000	6.532325405e+31
47606400000.000	6.531218008e+31
47692800000.000	6.529898793e+31
47779200000.000	6.528250511e+31
47865600000.000	6.526118720e+31
47952000000.000	6.523311587e+31
48038400000.000	6.519617044e+31
48124800000.000	6.514853023e+31
48211200000.000	6.508959038e+31
48297600000.000	6.502101175e+31
48384000000.000	6.499052425e+31
48470400000.000	6.498629280e+31
48556800000.000	6.498223580e+31
48643200000.000	6.497834916e+31
48729600000.000	6.498955820e+31
48816000000.000	6.501935366e+31
48902400000.000	6.504147327e+31
48988800000.000	6.505747519e+31
49075200000.000	6.506876004e+31
49161600000.000	6.507647337e+31
49248000000.000	6.508150722e+31
49334400000.000	6.508453821e+31
49420800000.000	6.508607230e+31
49507200000.000	6.508648472e+31
49593600000.000	6.508605185e+31
49680000000.000	6.508497535e+31
49766400000.000	6.508339990e+31
49852800000.000	6.508142584e+31
49939200000.000	6.507911792e+31
50025600000.000	6.507651104e+31
50112000000.000	6.507361353e+31
50198400000.000	6.507040834e+31
50284800000.000	6.506685227e+31
50371200000.000	6.506287321e+31
50457600000.000	6.505836500e+31
50544000000.000	6.505317967e+31
50630400000.000	6.504711601e+31
50716800000.000	6.503990399e+31
50803200000.000	6.503233964e+31
50889600000.000	6.502339630e+31
50976000000.000	6.501175255e+31
51062400000.000	6.499660087e+31
51148800000.000	6.498271047e+31
51235200000.000	6.498298525e+31
51321600000.000	6.498332721e+31
51408000000.000	6.498373728e+31
51494400000.000	6.498421573e+31
51580800000.000	6.498476225e+31
51667200000.000	6.504185640e+31
51753600000.000	6.509874457e+31
51840000000.000	6.514855361e+31
51926400000.000	6.518861707e+31
52012800000.000	6.521859301e+31
52099200000.000	6.523973036e+31
52185600000.000	6.525389801e+31
52272000000.000	6.526292795e+31
52358400000.000	6.526833363e+31
52444800000.000	6.527126098e+31
52531200000.000	6.527253797e+31
52617600000.000	6.527274811e+31
52704000000.000	6.527229753e+31
52790400000.000	6.527146723e+31
52876800000.000	6.527045120e+31
52963200000.000	6.526938318e+31
53049600000.000	6.526835522e+31
53136000000.000	6.526743040e+31
53222400000.000	6.526665158e+31
53308800000.000	6.526604744e+31
53395200000.000	6.526563657e+31
53481600000.000	6.526543031e+31
53568000000.000	6.526543463e+31
53654400000.000	6.526565090e+31
53740800000.000	6.528331932e+31
53827200000.000	6.526669368e+31
53913600000.000	6.526750775e+31
54000000000.000	6.526851139e+31
54086400000.000	6.526970005e+31
54172800000.000	6.527106868e+31
54259200000.000	6.527261175e+31
54345600000.000	6.527432329e+31
54432000000.000	6.527619692e+31
54518400000.000	6.527822591e+31
54604800000.000	6.528040321e+31
54691200000.000	6.528272151e+31
54777600000.000	6.528517332e+31
54864000000.000	6.528775105e+31
54950400000.000	6.529044712e+31
55036800000.000	6.534223097e+31
55123200000.000	6.543254857e+31
55209600000.000	6.552990966e+31
55296000000.000	6.563493838e+31
55382400000.000	6.574812860e+31
55468800000.000	6.586962058e+31
55555200000.000	6.599875466e+31
55641600000.000	6.613319113e+31
55728000000.000	6.626720271e+31
55814400000.000	6.638848565e+31
55900800000.000	6.647276039e+31
55987200000.000	6.647687818e+31
56073600000.000	6.633779106e+31
56160000000.000	6.599750127e+31
56246400000.000	6.546356185e+31
56332800000.000	6.538173656e+31
56419200000.000	6.538921009e+31
56505600000.000	6.539698040e+31
56592000000.000	6.540508555e+31
56678400000.000	6.541357177e+31
56764800000.000	6.542249543e+31
56851200000.000	6.543192567e+31
56937600000.000	6.544194811e+31
57024000000.000	6.545267000e+31
57110400000.000	6.546422764e+31
57196800000.000	6.547679725e+31
57283200000.000	6.549061148e+31
57369600000.000	6.550598500e+31
57456000000.000	6.552335619e+31
57542400000.000	6.554335773e+31
57628800000.000	6.556694332e+31
57715200000.000	6.560542392e+31
57801600000.000	6.568672672e+31
57888000000.000	6.578442736e+31
57974400000.000	6.590910052e+31
58060800000.000	6.608520684e+31
58147200000.000	6.631432080e+31
58233600000.000	6.573040807e+31
58320000000.000	6.565968613e+31
58406400000.000	6.580008373e+31
58492800000.000	6.590524163e+31
58579200000.000	6.600203646e+31
58665600000.000	6.609414459e+31
58752000000.000	6.617860832e+31
58838400000.000	6.624963703e+31
58924800000.000	6.629964565e+31
59011200000.000	6.632107010e+31
59097600000.000	6.630881061e+31
59184000000.000	6.626241754e+31
59270400000.000	6.618669242e+31
59356800000.000	6.609021116e+31
59443200000.000	6.598270900e+31
59529600000.000	6.587280717e+31
59616000000.000	6.576688739e+31
59702400000.000	6.572887564e+31
59788800000.000	6.654094973e+31
59875200000.000	6.552309185e+31
59961600000.000	6.554584758e+31
60048000000.000	6.557148262e+31
60134400000.000	6.560058424e+31
60220800000.000	6.563391475e+31
60307200000.000	6.567248230e+31
60393600000.000	6.571764829e+31
60480000000.000	6.577129364e+31
60566400000.000	6.583607894e+31
60652800000.000	6.591584221e+31
60739200000.000	6.601611799e+31
60825600000.000	6.614418661e+31
60912000000.000	6.630364974e+31
60998400000.000	6.644056226e+31
61084800000.000	6.601383820e+31
61171200000.000	6.506659429e+31
61257600000.000	6.506223410e+31
61344000000.000	6.505785266e+31
61430400000.000	6.505345132e+31
61516800000.000	6.504903070e+31
61603200000.000	6.504459058e+31
61689600000.000	6.504012981e+31
61776000000.000	6.503564619e+31
61862400000.000	6.503113639e+31
61948800000.000	6.502659577e+31
62035200000.000	6.502201830e+31
62121600000.000	6.502014690e+31
62208000000.000	6.502375663e+31
62294400000.000	6.502725757e+31
62380800000.000	6.503064216e+31
62467200000.000	6.503390046e+31
62553600000.000	6.503701976e+31
62640000000.000	6.503998413e+31
62726400000.000	6.504277389e+31
62812800000.000	6.504536488e+31
62899200000.000	6.504938091e+31
62985600000.000	6.505455517e+31
63072000000.000	6.505983747e+31
63158400000.000	6.506523500e+31
63244800000.000	6.507075488e+31
63331200000.000	6.507640419e+31
63417600000.000	6.508218995e+31
63504000000.000	6.508811913e+31
63590400000.000	6.509419867e+31
63676800000.000	6.510043547e+31
63763200000.000	6.510683635e+31
63849600000.000	6.511340810e+31
63936000000.000	6.512015743e+31
64022400000.000	6.512709093e+31
64108800000.000	6.513421509e+31
64195200000.000	6.514153623e+31
64281600000.000	6.514906046e+31
64368000000.000	6.517486020e+31
64454400000.000	6.521680795e+31
64540800000.000	6.526376781e+31
64627200000.000	6.531541225e+31
64713600000.000	6.537060880e+31
64800000000.000	6.542719396e+31
64886400000.000	6.548204760e+31
64972800000.000	6.553165894e+31
65059200000.000	6.557307681e+31
65145600000.000	6.560475624e+31
65232000000.000	6.562680283e+31
65318400000.000	6.564056944e+31
65404800000.000	6.564797879e+31
65491200000.000	6.565095710e+31
65577600000.000	6.565112673e+31
65664000000.000	6.564971590e+31
65750400000.000	6.564758824e+31
65836800000.000	6.564531602e+31
65923200000.000	6.564325639e+31
66009600000.000	6.564161473e+31
66096000000.000	6.564049235e+31
66182400000.000	6.563992030e+31
66268800000.000	6.563988287e+31
66355200000.000	6.564033355e+31
66441600000.000	6.564120590e+31
66528000000.000	6.564242108e+31
66614400000.000	6.564389320e+31
66700800000.000	6.564553320e+31
66787200000.000	6.564725189e+31
66873600000.000	6.564896243e+31
66960000000.000	6.565058232e+31
67046400000.000	6.565203525e+31
67132800000.000	6.565325252e+31
67219200000.000	6.565417428e+31
67305600000.000	6.565475051e+31
67392000000.000	6.565494156e+31
67478400000.000	6.565471850e+31
67564800000.000	6.565406301e+31
67651200000.000	6.565296705e+31
67737600000.000	6.565143221e+31
67824000000.000	6.565056915e+31
67910400000.000	6.564954243e+31
67996800000.000	6.564812247e+31
68083200000.000	6.564633895e+31
68169600000.000	6.564422558e+31
68256000000.000	6.564181896e+31
68342400000.000	6.563915748e+31
68428800000.000	6.563628043e+31
68515200000.000	6.563322720e+31
68601600000.000	6.563003657e+31
68688000000.000	6.562674627e+31
68774400000.000	6.562339257e+31
68860800000.000	6.562000999e+31
68947200000.000	6.561663116e+31
69033600000.000	6.561355568e+31
69120000000.000	6.561080668e+31
69206400000.000	6.560814008e+31
69292800000.000	6.560558048e+31
69379200000.000	6.560315052e+31
69465600000.000	6.560087092e+31
69552000000.000	6.559876040e+31
69638400000.000	6.559683560e+31
69724800000.000	6.559511078e+31
69811200000.000	6.559359744e+31
69897600000.000	6.559870281e+31
69984000000.000	6.561571716e+31
70070400000.000	6.563744123e+31
70156800000.000	6.566638229e+31
70243200000.000	6.570772373e+31
70329600000.000	6.577456205e+31
70416000000.000	6.584722645e+31
70502400000.000	6.642509971e+31
70588800000.000	6.608357707e+31
70675200000.000	6.594601268e+31
70761600000.000	6.586525501e+31
70848000000.000	6.580931954e+31
70934400000.000	6.576619381e+31
71020800000.000	6.572990509e+31
71107200000.000	6.569684104e+31
71193600000.000	6.566633520e+31
71280000000.000	6.563575249e+31
71366400000.000	6.560286506e+31
71452800000.000	6.556711253e+31
71539200000.000	6.552866976e+31
71625600000.000	6.548837690e+31
71712000000.000	6.544749167e+31
71798400000.000	6.540734696e+31
71884800000.000	6.536905631e+31
71971200000.000	6.533336184e+31
72057600000.000	6.530062566e+31
72144000000.000	6.538568645e+31
72230400000.000	6.582955555e+31
72316800000.000	6.703254354e+31
72403200000.000	7.190231968e+31
72489600000.000	6.624766032e+31
72576000000.000	6.523550571e+31
72662400000.000	6.517088586e+31
72748800000.000	6.516767714e+31
72835200000.000	6.516542134e+31
72921600000.000	6.516409103e+31
73008000000.000	6.516453621e+31
73094400000.000	6.516498680e+31
73180800000.000	6.516544151e+31
73267200000.000	6.516589936e+31
73353600000.000	6.516635973e+31
73440000000.000	6.516682230e+31
73526400000.000	6.516731653e+31
73612800000.000	6.516823576e+31
73699200000.000	6.516915238e+31
73785600000.000	6.517006707e+31
73872000000.000	6.517098071e+31
73958400000.000	6.517189432e+31
74044800000.000	6.517280909e+31
74131200000.000	6.517372636e+31
74217600000.000	6.517464758e+31
74304000000.000	6.517557432e+31
74390400000.000	6.517650829e+31
74476800000.000	6.517745128e+31
74563200000.000	6.517840519e+31
74649600000.000	6.517937202e+31
74736000000.000	6.518035388e+31
74822400000.000	6.519189331e+31
74908800000.000	6.528407829e+31
74995200000.000	6.538392267e+31
75081600000.000	6.549223657e+31
75168000000.000	6.560976091e+31
75254400000.000	6.573697321e+31
75340800000.000	6.587368803e+31
75427200000.000	6.601825197e+31
75513600000.000	6.616595324e+31
75600000000.000	6.630599016e+31
75686400000.000	6.641616634e+31
75772800000.000	6.645552906e+31
75859200000.000	6.636089028e+31
75945600000.000	6.607165171e+31
76032000000.000	6.557168141e+31
76118400000.000	6.521761114e+31
76204800000.000	6.522508126e+31
76291200000.000	6.523253660e+31
76377600000.000	6.523997351e+31
76464000000.000	6.524738917e+31
76550400000.000	6.525478179e+31
76636800000.000	6.526215071e+31
76723200000.000	6.526949664e+31
76809600000.000	6.527682178e+31
76896000000.000	6.528413008e+31
76982400000.000	6.529142741e+31
77068800000.000	6.529872185e+31
77155200000.000	6.530602392e+31
77241600000.000	6.531334700e+31
77328000000.000	6.532070763e+31
77414400000.000	6.532812603e+31
77500800000.000	6.533562670e+31
77587200000.000	6.534323912e+31
77673600000.000	6.535099869e+31
77760000000.000	6.535894792e+31
77846400000.000	6.536713804e+31
77932800000.000	6.537563106e+31
78019200000.000	6.538450260e+31
78105600000.000	6.539384585e+31
78192000000.000	6.540377700e+31
78278400000.000	6.541444320e+31
78364800000.000	6.542603417e+31
78451200000.000	6.543880002e+31
78537600000.000	6.545307916e+31
78624000000.000	6.546934434e+31
78710400000.000	6.548828237e+31
78796800000.000	6.551094138e+31
78883200000.000	6.554010529e+31
78969600000.000	6.558526445e+31
79056000000.000	6.564523572e+31
79142400000.000	6.573472754e+31
79228800000.000	6.590335604e+31
79315200000.000	6.523488161e+31
79401600000.000	6.576220291e+31
79488000000.000	6.568369708e+31
79574400000.000	6.564086866e+31
79660800000.000	6.561549383e+31
79747200000.000	6.559999738e+31
79833600000.000	6.559086951e+31
79920000000.000	6.558626206e+31
80006400000.000	6.558511390e+31
80092800000.000	6.558678249e+31
80179200000.000	6.559086937e+31
80265600000.000	6.559713031e+31
80352000000.000	6.560542607e+31
80438400000.000	6.561569464e+31
80524800000.000	6.562793576e+31
80611200000.000	6.564220297e+31
80697600000.000	6.567756562e+31
80784000000.000	6.571819753e+31
80870400000.000	6.576236993e+31
80956800000.000	6.581045416e+31
81043200000.000	6.586291772e+31
81129600000.000	6.592035018e+31
81216000000.000	6.598350108e+31
81302400000.000	6.605333539e+31
81388800000.000	6.613111629e+31
81475200000.000	6.621852980e+31
81561600000.000	6.631787212e+31
81648000000.000	6.643231288e+31
81734400000.000	6.656613569e+31
81820800000.000	6.672397964e+31
81907200000.000	6.690012723e+31
81993600000.000	6.691927065e+31
82080000000.000	6.747628955e+31
82166400000.000	6.730709832e+31
82252800000.000	6.645641355e+31
82339200000.000	6.608043567e+31
82425600000.000	6.616350721e+31
82512000000.000	6.625752238e+31
82598400000.000	6.636464519e+31
82684800000.000	6.648715127e+31
82771200000.000	6.662618758e+31
82857600000.000	6.677656700e+31
82944000000.000	6.690456386e+31
83030400000.000	6.685253076e+31
83116800000.000	6.611690483e+31
83203200000.000	6.535401485e+31
83289600000.000	6.589175551e+31
83376000000.000	6.619095456e+31
83462400000.000	6.645235273e+31
83548800000.000	6.684034421e+31
83635200000.000	6.764279824e+31
83721600000.000	6.815044975e+31
83808000000.000	6.729606025e+31
83894400000.000	6.722415646e+31
83980800000.000	6.578415655e+31
84067200000.000	6.569081132e+31
84153600000.000	6.566286606e+31
84240000000.000	6.563520875e+31
84326400000.000	6.560786746e+31
84412800000.000	6.558085530e+31
84499200000.000	6.555418282e+31
84585600000.000	6.552786199e+31
84672000000.000	6.550190656e+31
84758400000.000	6.547722582e+31
84844800000.000	6.545313651e+31
84931200000.000	6.542945791e+31
85017600000.000	6.540620074e+31
85104000000.000	6.538337325e+31
85190400000.000	6.536098097e+31
85276800000.000	6.533902683e+31
85363200000.000	6.531751119e+31
85449600000.000	6.529643208e+31
85536000000.000	6.527578542e+31
85622400000.000	6.525556519e+31
85708800000.000	6.523576371e+31
85795200000.000	6.521637180e+31
85881600000.000	6.519737897e+31
85968000000.000	6.517877361e+31
86054400000.000	6.516054311e+31
86140800000.000	6.514267402e+31
86227200000.000	6.512823203e+31
86313600000.000	6.511613060e+31
86400000000.000	6.510451512e+31
86486400000.000	6.509337834e+31
86572800000.000	6.508271323e+31
86659200000.000	6.507251317e+31
86745600000.000	6.506277200e+31
86832000000.000	6.505348412e+31
86918400000.000	6.504464464e+31
87004800000.000	6.503624943e+31
87091200000.000	6.502829521e+31
87177600000.000	6.502077965e+31
87264000000.000	6.501370145e+31
87350400000.000	6.500706047e+31
87436800000.000	6.500085772e+31
87523200000.000	6.499509558e+31
87609600000.000	6.498977782e+31
87696000000.000	6.498490973e+31
87782400000.000	6.498049827e+31
87868800000.000	6.497655218e+31
87955200000.000	6.497308216e+31
88041600000.000	6.497010101e+31
88128000000.000	6.496762384e+31
88214400000.000	6.496566826e+31
88300800000.000	6.496425467e+31
88387200000.000	6.496340642e+31
88473600000.000	6.496315016e+31
88560000000.000	6.496351608e+31
88646400000.000	6.496453819e+31
88732800000.000	6.496625459e+31
88819200000.000	6.496870762e+31
88905600000.000	6.497194400e+31
88992000000.000	6.497601470e+31
89078400000.000	6.498097447e+31
89164800000.000	6.498688094e+31
89251200000.000	6.499379289e+31
89337600000.000	6.500176731e+31
89424000000.000	6.501085475e+31
89510400000.000	6.502109219e+31
89596800000.000	6.503249241e+31
89683200000.000	6.504502895e+31
89769600000.000	6.505861560e+31
89856000000.000	6.507308034e+31
89942400000.000	6.508813528e+31
90028800000.000	6.510334781e+31
90115200000.000	6.511812303e+31
90201600000.000	6.513792114e+31
90288000000.000	6.516329322e+31
90374400000.000	6.518994676e+31
90460800000.000	6.521346069e+31
90547200000.000	6.523348726e+31
90633600000.000	6.525010134e+31
90720000000.000	6.526386034e+31
90806400000.000	6.527537179e+31
90892800000.000	6.528551553e+31
90979200000.000	6.529516794e+31
91065600000.000	6.530510237e+31
91152000000.000	6.531594208e+31
91238400000.000	6.532815475e+31
91324800000.000	6.534207104e+31
91411200000.000	6.535791269e+31
91497600000.000	6.537582114e+31
91584000000.000	6.539588224e+31
91670400000.000	6.541814568e+31
91756800000.000	6.544263959e+31
91843200000.000	6.546938111e+31
91929600000.000	6.549838379e+31
92016000000.000	6.552966257e+31
92102400000.000	6.556323654e+31
92188800000.000	6.559912886e+31
92275200000.000	6.563736246e+31
92361600000.000	6.567794748e+31
92448000000.000	6.572085312e+31
92534400000.000	6.576594872e+31
92620800000.000	6.581288554e+31
92707200000.000	6.586086467e+31
92793600000.000	6.590819459e+31
92880000000.000	6.595148948e+31
92966400000.000	6.598437323e+31
93052800000.000	6.599593804e+31
93139200000.000	6.597064603e+31
93225600000.000	6.589371422e+31
93312000000.000	6.576373340e+31
93398400000.000	6.560071468e+31
93484800000.000	6.573423639e+31
93571200000.000	6.805201845e+31
93657600000.000	6.731618894e+31
93744000000.000	6.627783883e+31
93830400000.000	6.582964121e+31
93916800000.000	6.557295398e+31
94003200000.000	6.540025376e+31
94089600000.000	6.527197986e+31
94176000000.000	6.517016406e+31
94262400000.000	6.513004142e+31
94348800000.000	6.511403602e+31
94435200000.000	6.509730156e+31
94521600000.000	6.507998108e+31
94608000000.000	6.506220663e+31
94694400000.000	6.511729793e+31
94780800000.000	6.520437052e+31
94867200000.000	6.530077693e+31
94953600000.000	6.540758286e+31
95040000000.000	6.552565668e+31
95126400000.000	6.565652783e+31
95212800000.000	6.579960790e+31
95299200000.000	6.594928619e+31
95385600000.000	6.609572229e+31
95472000000.000	6.621772847e+31
95558400000.000	6.627484693e+31
95644800000.000	6.620229855e+31
95731200000.000	6.592765484e+31
95817600000.000	6.542864405e+31
95904000000.000	6.482386054e+31
95990400000.000	6.481098256e+31
96076800000.000	6.479843056e+31
96163200000.000	6.478620418e+31
96249600000.000	6.477430139e+31
96336000000.000	6.476271884e+31
96422400000.000	6.475145205e+31
96508800000.000	6.474049569e+31
96595200000.000	6.472984373e+31
96681600000.000	6.471948962e+31
96768000000.000	6.470942641e+31
96854400000.000	6.469964687e+31
96940800000.000	6.469014359e+31
97027200000.000	6.468090906e+31
97113600000.000	6.467193571e+31
97200000000.000	6.466330323e+31
97286400000.000	6.467991026e+31
97372800000.000	6.470506668e+31
97459200000.000	6.473235072e+31
97545600000.000	6.476196100e+31
97632000000.000	6.479412767e+31
97718400000.000	6.482911850e+31
97804800000.000	6.486724646e+31
97891200000.000	6.490887895e+31
97977600000.000	6.495444913e+31
98064000000.000	6.500446965e+31
98150400000.000	6.505954915e+31
98236800000.000	6.512041115e+31
98323200000.000	6.518791404e+31
98409600000.000	6.526306817e+31
98496000000.000	6.534911678e+31
98582400000.000	6.544955594e+31
98668800000.000	6.556120370e+31
98755200000.000	6.568488366e+31
98841600000.000	6.581991007e+31
98928000000.000	6.596137870e+31
99014400000.000	6.609353474e+31
99100800000.000	6.617497783e+31
99187200000.000	6.611532158e+31
99273600000.000	6.578332434e+31
99360000000.000	6.515001212e+31
99446400000.000	6.458889920e+31
99532800000.000	6.459036673e+31
99619200000.000	6.459183159e+31
99705600000.000	6.459329421e+31
99792000000.000	6.459475499e+31
99878400000.000	6.459621428e+31
99964800000.000	6.459767242e+31
100051200000.000	6.459912969e+31
100137600000.000	6.460058635e+31
100224000000.000	6.460204261e+31
100310400000.000	6.460349862e+31
100396800000.000	6.460495448e+31
100483200000.000	6.460650080e+31
100569600000.000	6.460958188e+31
100656000000.000	6.461267331e+31
100742400000.000	6.461577535e+31
100828800000.000	6.461888819e+31
100915200000.000	6.462201189e+31
101001600000.000	6.462514642e+31
101088000000.000	6.462829159e+31
101174400000.000	6.463144708e+31
101260800000.000	6.463461242e+31
101347200000.000	6.463778695e+31
101433600000.000	6.464096980e+31
101520000000.000	6.464415990e+31
101606400000.000	6.464735595e+31
101692800000.000	6.465055634e+31
101779200000.000	6.465375921e+31
101865600000.000	6.465696234e+31
101952000000.000	6.466016315e+31
102038400000.000	6.466335868e+31
102124800000.000	6.475142007e+31
102211200000.000	6.501041823e+31
102297600000.000	6.565598186e+31
102384000000.000	6.467663098e+31
102470400000.000	6.467973850e+31
102556800000.000	6.468281201e+31
102643200000.000	6.468584444e+31
102729600000.000	6.468882791e+31
102816000000.000	6.469175367e+31
102902400000.000	6.469461206e+31
102988800000.000	6.469739246e+31
103075200000.000	6.470008323e+31
103161600000.000	6.470267167e+31
103248000000.000	6.470514404e+31
103334400000.000	6.470748549e+31
103420800000.000	6.470968017e+31
103507200000.000	6.471171120e+31
103593600000.000	6.471356079e+31
103680000000.000	6.471521039e+31
103766400000.000	6.471664086e+31
103852800000.000	6.471783269e+31
103939200000.000	6.471876632e+31
104025600000.000	6.471942252e+31
104112000000.000	6.471978278e+31
104198400000.000	6.471982984e+31
104284800000.000	6.471954820e+31
104371200000.000	6.471892473e+31
104457600000.000	6.471794922e+31
104544000000.000	6.471661500e+31
104630400000.000	6.471491942e+31
104716800000.000	6.471286436e+31
104803200000.000	6.471045645e+31
104889600000.000	6.470770733e+31
104976000000.000	6.470463357e+31
105062400000.000	6.484329402e+31
105148800000.000	6.515613883e+31
105235200000.000	6.596170924e+31
105321600000.000	6.468933658e+31
105408000000.000	6.468503233e+31
105494400000.000	6.468057878e+31
105580800000.000	6.467600951e+31
105667200000.000	6.467135635e+31
105753600000.000	6.466664825e+31
105840000000.000	6.466191018e+31
105926400000.000	6.465716217e+31
106012800000.000	6.465477234e+31
106099200000.000	6.465808882e+31
106185600000.000	6.466127559e+31
106272000000.000	6.466430365e+31
106358400000.000	6.466713920e+31
106444800000.000	6.466974280e+31
106531200000.000	6.467206844e+31
106617600000.000	6.467406238e+31
106704000000.000	6.467566185e+31
106790400000.000	6.467685535e+31
106876800000.000	6.467777272e+31
106963200000.000	6.467803716e+31
107049600000.000	6.467753246e+31
107136000000.000	6.467612360e+31
107222400000.000	6.467365418e+31
107308800000.000	6.466994386e+31
107395200000.000	6.466478606e+31
107481600000.000	6.465794613e+31
107568000000.000	6.464916067e+31
107654400000.000	6.463813865e+31
107740800000.000	6.462456533e+31
107827200000.000	6.460811038e+31
107913600000.000	6.458844142e+31
108000000000.000	6.456626572e+31
108086400000.000	6.456888947e+31
108172800000.000	6.457156140e+31
108259200000.000	6.457428290e+31
108345600000.000	6.457705543e+31
108432000000.000	6.457988052e+31
108518400000.000	6.458275982e+31
108604800000.000	6.458569507e+31
108691200000.000	6.458868811e+31
108777600000.000	6.459174095e+31
108864000000.000	6.459485572e+31
108950400000.000	6.459803472e+31
109036800000.000	6.460128043e+31
109123200000.000	6.460459552e+31
109209600000.000	6.460798289e+31
109296000000.000	6.461144562e+31
109382400000.000	6.461498709e+31
109468800000.000	6.461861090e+31
109555200000.000	6.462232096e+31
109641600000.000	6.462612148e+31
109728000000.000	6.463001700e+31
109814400000.000	6.463401243e+31
109900800000.000	6.463811308e+31
109987200000.000	6.464232468e+31
110073600000.000	6.464665346e+31
110160000000.000	6.465110616e+31
110246400000.000	6.465596038e+31
110332800000.000	6.466126722e+31
110419200000.000	6.466673671e+31
110505600000.000	6.467237864e+31
110592000000.000	6.467866118e+31
110678400000.000	6.468599639e+31
110764800000.000	6.469352511e+31
110851200000.000	6.470126342e+31
110937600000.000	6.470922888e+31
111024000000.000	6.471744073e+31
111110400000.000	6.472592016e+31
111196800000.000	6.473469066e+31
111283200000.000	6.474377832e+31
111369600000.000	6.475321237e+31
111456000000.000	6.476302566e+31
111542400000.000	6.477335662e+31
111628800000.000	6.478435540e+31
111715200000.000	6.479586234e+31
111801600000.000	6.480793349e+31
111888000000.000	6.482186568e+31
111974400000.000	6.484688587e+31
112060800000.000	6.487299655e+31
112147200000.000	6.490017417e+31
112233600000.000	6.492847789e+31
112320000000.000	6.495798243e+31
112406400000.000	6.498878981e+31
112492800000.000	6.502104601e+31
112579200000.000	6.505496461e+31
112665600000.000	6.509086049e+31
112752000000.000	6.512919956e+31
112838400000.000	6.517067575e+31
112924800000.000	6.521633762e+31
113011200000.000	6.526781260e+31
113097600000.000	6.532774021e+31
113184000000.000	6.540070384e+31
113270400000.000	6.549554326e+31
113356800000.000	6.563245186e+31
113443200000.000	6.587449074e+31
113529600000.000	6.670918684e+31
113616000000.000	6.632672627e+31
113702400000.000	6.586047134e+31
113788800000.000	6.567142248e+31
113875200000.000	6.556119289e+31
113961600000.000	6.548877380e+31
114048000000.000	6.544136420e+31
114134400000.000	6.540659701e+31
114220800000.000	6.538045100e+31
114307200000.000	6.536053711e+31
114393600000.000	6.534533824e+31
114480000000.000	6.537595860e+31
114566400000.000	6.547859405e+31
114652800000.000	6.559416290e+31
114739200000.000	6.572354737e+31
114825600000.000	6.586763965e+31
114912000000.000	6.602699118e+31
114998400000.000	6.620109616e+31
115084800000.000	6.638692453e+31
115171200000.000	6.657599915e+31
115257600000.000	6.674896671e+31
115344000000.000	6.686716547e+31
115430400000.000	6.686553729e+31
115516800000.000	6.666508143e+31
115603200000.000	6.622908483e+31
115689600000.000	6.562670386e+31
115776000000.000	6.542823608e+31
115862400000.000	6.547933752e+31
115948800000.000	6.559922008e+31
116035200000.000	6.545742213e+31
116121600000.000	6.532115753e+31
116208000000.000	6.533315239e+31
116294400000.000	6.533760782e+31
116380800000.000	6.534110879e+31
116467200000.000	6.534470501e+31
116553600000.000	6.534862371e+31
116640000000.000	6.535290149e+31
116726400000.000	6.535752233e+31
116812800000.000	6.536245570e+31
116899200000.000	6.536766848e+31
116985600000.000	6.537312879e+31
117072000000.000	6.537880711e+31
117158400000.000	6.538467640e+31
117244800000.000	6.539071191e+31
117331200000.000	6.539689097e+31
117417600000.000	6.540319265e+31
117504000000.000	6.540959758e+31
117590400000.000	6.541608773e+31
117676800000.000	6.542264624e+31
117763200000.000	6.542925730e+31
117849600000.000	6.543590599e+31
117936000000.000	6.544257825e+31
118022400000.000	6.544926076e+31
118108800000.000	6.545594087e+31
118195200000.000	6.546260659e+31
118281600000.000	6.546924650e+31
118368000000.000	6.547584972e+31
118454400000.000	6.548240591e+31
118540800000.000	6.548890517e+31
118627200000.000	6.549533810e+31
118713600000.000	6.550169572e+31
118800000000.000	6.550803496e+31
118886400000.000	6.551515393e+31
118972800000.000	6.552217425e+31
119059200000.000	6.552908848e+31
119145600000.000	6.553588950e+31
119232000000.000	6.554257054e+31
119318400000.000	6.554912512e+31
119404800000.000	6.555554713e+31
119491200000.000	6.556183071e+31
119577600000.000	6.556797035e+31
119664000000.000	6.557554663e+31
119750400000.000	6.597107196e+31
119836800000.000	6.759805084e+31
119923200000.000	6.680165991e+31
120009600000.000	6.619850985e+31
120096000000.000	6.596496113e+31
120182400000.000	6.584790711e+31
120268800000.000	6.578310324e+31
120355200000.000	6.574637536e+31
120441600000.000	6.577688523e+31
120528000000.000	6.580979164e+31
120614400000.000	6.584231593e+31
120700800000.000	6.587433284e+31
120787200000.000	6.590570772e+31
120873600000.000	6.593629764e+31
120960000000.000	6.596595303e+31
121046400000.000	6.599451972e+31
121132800000.000	6.602184142e+31
121219200000.000	6.604776253e+31
121305600000.000	6.607213128e+31
121392000000.000	6.609480310e+31
121478400000.000	6.611564392e+31
121564800000.000	6.613453345e+31
121651200000.000	6.615136805e+31
121737600000.000	6.616606319e+31
121824000000.000	6.617855518e+31
121910400000.000	6.618880229e+31
121996800000.000	6.619678527e+31
122083200000.000	6.620250722e+31
122169600000.000	6.620599293e+31
122256000000.000	6.620728741e+31
122342400000.000	6.620784041e+31
122428800000.000	6.620747771e+31
122515200000.000	6.620516680e+31
122601600000.000	6.620100460e+31
122688000000.000	6.619509263e+31
122774400000.000	6.618753362e+31
122860800000.000	6.617842833e+31
122947200000.000	6.616799276e+31
123033600000.000	6.615709242e+31
123120000000.000	6.614492050e+31
123206400000.000	6.613154618e+31
123292800000.000	6.611702724e+31
123379200000.000	6.610140984e+31
123465600000.000	6.608472892e+31
123552000000.000	6.606700944e+31
123638400000.000	6.604826823e+31
123724800000.000	6.602851674e+31
123811200000.000	6.600776446e+31
123897600000.000	6.598602314e+31
123984000000.000	6.596331146e+31
124070400000.000	6.593966009e+31
124156800000.000	6.591511654e+31
124243200000.000	6.588974963e+31
124329600000.000	6.586365267e+31
124416000000.000	6.583694524e+31
124502400000.000	6.580977287e+31
124588800000.000	6.578230449e+31
124675200000.000	6.575472789e+31
124761600000.000	6.572724335e+31
124848000000.000	6.570005628e+31
124934400000.000	6.567336962e+31
125020800000.000	6.564851631e+31
125107200000.000	6.562477020e+31
125193600000.000	6.560204851e+31
125280000000.000	6.558048870e+31
125366400000.000	6.557259310e+31
125452800000.000	6.556796015e+31
125539200000.000	6.556400278e+31
125625600000.000	6.556077056e+31
125712000000.000	6.557141766e+31
125798400000.000	6.559078393e+31
125884800000.000	6.560999748e+31
125971200000.000	6.562922842e+31
126057600000.000	6.564870149e+31
126144000000.000	6.566871885e+31
126230400000.000	6.568970073e+31
126316800000.000	6.571225999e+31
126403200000.000	6.573734729e+31
126489600000.000	6.576655674e+31
126576000000.000	6.580283487e+31
126662400000.000	6.585225822e+31
126748800000.000	6.592609423e+31
126835200000.000	6.581393697e+31
126921600000.000	6.576034836e+31
127008000000.000	6.578215220e+31
127094400000.000	6.577806133e+31
127180800000.000	6.577362340e+31
127267200000.000	6.577074056e+31
127353600000.000	6.576928392e+31
127440000000.000	6.576894707e+31
127526400000.000	6.576947454e+31
127612800000.000	6.577067683e+31
127699200000.000	6.577241626e+31
127785600000.000	6.577459246e+31
127872000000.000	6.577713166e+31
127958400000.000	6.580998220e+31
128044800000.000	6.589804469e+31
128131200000.000	6.594212439e+31
128217600000.000	6.594618621e+31
128304000000.000	6.592291182e+31
128390400000.000	6.588517933e+31
128476800000.000	6.584205842e+31
128563200000.000	6.580613629e+31
128649600000.000	6.581059371e+31
128736000000.000	6.581521444e+31
128822400000.000	6.581999794e+31
128908800000.000	6.582494498e+31
128995200000.000	6.583005744e+31
129081600000.000	6.583533816e+31
129168000000.000	6.584079086e+31
129254400000.000	6.584642002e+31
129340800000.000	6.585223081e+31
129427200000.000	6.585822904e+31
129513600000.000	6.586442108e+31
129600000000.000	6.587081381e+31
129686400000.000	6.587741455e+31
129772800000.000	6.588423102e+31
129859200000.000	6.589127120e+31
129945600000.000	6.589854329e+31
130032000000.000	6.590605557e+31
130118400000.000	6.591381619e+31
130204800000.000	6.592183303e+31
130291200000.000	6.593011339e+31
130377600000.000	6.593866369e+31
130464000000.000	6.594748901e+31
130550400000.000	6.595659259e+31
130636800000.000	6.596597513e+31
130723200000.000	6.597563398e+31
130809600000.000	6.598556210e+31
130896000000.000	6.599812643e+31
130982400000.000	6.601790018e+31
131068800000.000	6.603826648e+31
131155200000.000	6.605919342e+31
131241600000.000	6.608063590e+31
131328000000.000	6.610253304e+31
131414400000.000	6.612480572e+31
131500800000.000	6.614735425e+31
131587200000.000	6.617005666e+31
131673600000.000	6.619276816e+31
131760000000.000	6.621626202e+31
131846400000.000	6.623942791e+31
131932800000.000	6.626204008e+31
132019200000.000	6.628389959e+31
132105600000.000	6.630481765e+31
132192000000.000	6.632462987e+31
132278400000.000	6.634321059e+31
132364800000.000	6.636048483e+31
132451200000.000	6.637643513e+31
132537600000.000	6.639110158e+31
132624000000.000	6.640457393e+31
132710400000.000	6.641697652e+31
132796800000.000	6.642844794e+31
132883200000.000	6.643911788e+31
132969600000.000	6.644908373e+31
133056000000.000	6.645838881e+31
133142400000.000	6.646700301e+31
133228800000.000	6.647480584e+31
133315200000.000	6.648157136e+31
133401600000.000	6.648695408e+31
133488000000.000	6.649047522e+31
133574400000.000	6.649150937e+31
133660800000.000	6.648927263e+31
133747200000.000	6.648281441e+31
133833600000.000	6.647101737e+31
133920000000.000	6.646336964e+31
134006400000.000	6.705862360e+31
134092800000.000	6.968588603e+31
134179200000.000	7.000639361e+31
134265600000.000	6.833693153e+31
134352000000.000	6.775323334e+31
134438400000.000	6.745900279e+31
134524800000.000	6.730167424e+31
134611200000.000	6.730591877e+31
134697600000.000	6.736378351e+31
134784000000.000	6.746231620e+31
134870400000.000	6.759209042e+31
134956800000.000	6.774170294e+31
135043200000.000	6.789125491e+31
135129600000.000	6.800300995e+31
135216000000.000	6.801182502e+31
135302400000.000	6.783145631e+31
135388800000.000	6.740506623e+31
135475200000.000	6.677874667e+31
135561600000.000	6.622912294e+31
135648000000.000	6.621741672e+31
135734400000.000	6.620791330e+31
135820800000.000	6.620038703e+31
135907200000.000	6.619466066e+31
135993600000.000	6.619059701e+31
136080000000.000	6.618809325e+31
136166400000.000	6.618942364e+31
136252800000.000	6.620346190e+31
136339200000.000	6.621813555e+31
136425600000.000	6.623354093e+31
136512000000.000	6.624980124e+31
136598400000.000	6.626707670e+31
136684800000.000	6.628557930e+31
136771200000.000	6.630559527e+31
136857600000.000	6.632751989e+31
136944000000.000	6.635191340e+31
137030400000.000	6.637959384e+31
137116800000.000	6.641179687e+31
137203200000.000	6.645046123e+31
137289600000.000	6.649875189e+31
137376000000.000	6.656200283e+31
137462400000.000	6.664908427e+31
137548800000.000	6.677151105e+31
137635200000.000	6.692101130e+31
137721600000.000	6.700302476e+31
137808000000.000	6.694757865e+31
137894400000.000	6.685382226e+31
137980800000.000	6.678058272e+31
138067200000.000	6.673051442e+31
138153600000.000	6.669683275e+31
138240000000.000	6.667410152e+31
138326400000.000	6.665879688e+31
138412800000.000	6.664867646e+31
138499200000.000	6.664228115e+31
138585600000.000	6.663863124e+31
138672000000.000	6.663704790e+31
138758400000.000	6.663704683e+31
138844800000.000	6.663827346e+31
138931200000.000	6.664046209e+31
139017600000.000	6.664340950e+31
139104000000.000	6.664695750e+31
139190400000.000	6.665150870e+31
139276800000.000	6.665730399e+31
139363200000.000	6.666340083e+31
139449600000.000	6.666973240e+31
139536000000.000	6.667624341e+31
139622400000.000	6.668288773e+31
139708800000.000	6.668962665e+31
139795200000.000	6.669642753e+31
139881600000.000	6.670326272e+31
139968000000.000	6.671444373e+31
140054400000.000	6.672596549e+31
140140800000.000	6.673737480e+31
140227200000.000	6.674867727e+31
140313600000.000	6.675987944e+31
140400000000.000	6.677098883e+31
140486400000.000	6.678201403e+31
140572800000.000	6.679296477e+31
140659200000.000	6.680385202e+31
140745600000.000	6.681468819e+31
140832000000.000	6.682548724e+31
140918400000.000	6.683626496e+31
141004800000.000	6.684703922e+31
141091200000.000	6.685783036e+31
141177600000.000	6.686866166e+31
141264000000.000	6.687955991e+31
141350400000.000	6.689055620e+31
141436800000.000	6.690168688e+31
141523200000.000	6.691299492e+31
141609600000.000	6.692453158e+31
141696000000.000	6.693635873e+31
141782400000.000	6.694855205e+31
141868800000.000	6.696120539e+31
141955200000.000	6.697443691e+31
142041600000.000	6.698839811e+31
142128000000.000	6.700328698e+31
142214400000.000	6.701936830e+31
142300800000.000	6.703700550e+31
142387200000.000	6.705671316e+31
142473600000.000	6.707924732e+31
142560000000.000	6.710577039e+31
142646400000.000	6.713894032e+31
142732800000.000	6.718179086e+31
142819200000.000	6.724022002e+31
142905600000.000	6.732802565e+31
142992000000.000	6.747843895e+31
143078400000.000	6.770859669e+31
143164800000.000	6.739514709e+31
143251200000.000	6.708646978e+31
143337600000.000	6.697966619e+31
143424000000.000	6.693347315e+31
143510400000.000	6.692251962e+31
143596800000.000	6.692583724e+31
143683200000.000	6.693799156e+31
143769600000.000	6.694946217e+31
143856000000.000	6.695853397e+31
143942400000.000	6.696590701e+31
144028800000.000	6.697200591e+31
144115200000.000	6.697710009e+31
144201600000.000	6.698136647e+31
144288000000.000	6.698492429e+31
144374400000.000	6.698785562e+31
144460800000.000	6.699021799e+31
144547200000.000	6.699205248e+31
144633600000.000	6.699338920e+31
144720000000.000	6.699425112e+31
144806400000.000	6.699465681e+31
144892800000.000	6.699462252e+31
144979200000.000	6.699416376e+31
145065600000.000	6.699329654e+31
145152000000.000	6.699203837e+31
145238400000.000	6.699040894e+31
145324800000.000	6.698843069e+31
145411200000.000	6.698612912e+31
145497600000.000	6.698962946e+31
145584000000.000	6.699388440e+31
145670400000.000	6.699818289e+31
145756800000.000	6.700253147e+31
145843200000.000	6.700693618e+31
145929600000.000	6.701140263e+31
146016000000.000	6.701593603e+31
146102400000.000	6.702054127e+31
146188800000.000	6.702522295e+31
146275200000.000	6.702998538e+31
146361600000.000	6.703483265e+31
146448000000.000	6.703976864e+31
146534400000.000	6.704479704e+31
146620800000.000	6.704992134e+31
146707200000.000	6.705514490e+31
146793600000.000	6.706047094e+31
146880000000.000	6.706590253e+31
146966400000.000	6.707144264e+31
147052800000.000	6.707709414e+31
147139200000.000	6.708285981e+31
147225600000.000	6.708874234e+31
147312000000.000	6.709474437e+31
147398400000.000	6.710086848e+31
147484800000.000	6.710711721e+31
147571200000.000	6.711349308e+31
147657600000.000	6.711999859e+31
147744000000.000	6.712674371e+31
147830400000.000	6.713372288e+31
147916800000.000	6.714083895e+31
148003200000.000	6.714809453e+31
148089600000.000	6.715549231e+31
148176000000.000	6.716303506e+31
148262400000.000	6.717072568e+31
148348800000.000	6.717856720e+31
148435200000.000	6.718656283e+31
148521600000.000	6.719471598e+31
148608000000.000	6.720303031e+31
148694400000.000	6.721150974e+31
148780800000.000	6.722015854e+31
148867200000.000	6.722898133e+31
148953600000.000	6.723798318e+31
149040000000.000	6.724716967e+31
149126400000.000	6.725654692e+31
149212800000.000	6.726612171e+31
149299200000.000	6.727590156e+31
149385600000.000	6.728589476e+31
149472000000.000	6.729611053e+31
149558400000.000	6.730655903e+31
149644800000.000	6.731725153e+31
149731200000.000	6.732820042e+31
149817600000.000	6.733941938e+31
149904000000.000	6.735092344e+31
149990400000.000	6.736272916e+31
150076800000.000	6.737485473e+31
150163200000.000	6.739100434e+31
150249600000.000	6.740894132e+31
150336000000.000	6.742728917e+31
150422400000.000	6.744607562e+31
150508800000.000	6.746533135e+31
150595200000.000	6.748509047e+31
150681600000.000	6.750539097e+31
150768000000.000	6.752627530e+31
150854400000.000	6.754779116e+31
150940800000.000	6.756999228e+31
151027200000.000	6.759293952e+31
151113600000.000	6.761670216e+31
151200000000.000	6.764135947e+31
151286400000.000	6.766700274e+31
151372800000.000	6.769373775e+31
151459200000.000	6.772168791e+31
151545600000.000	6.775099835e+31
151632000000.000	6.778184116e+31
151718400000.000	6.781442221e+31
151804800000.000	6.784899026e+31
151891200000.000	6.788584920e+31
151977600000.000	6.792537479e+31
152064000000.000	6.796803791e+31
152150400000.000	6.801443775e+31
152236800000.000	6.806535000e+31
152323200000.000	6.812179907e+31
152409600000.000	6.818516974e+31
152496000000.000	6.825738651e+31
152582400000.000	6.834121525e+31
152668800000.000	6.844080003e+31
152755200000.000	6.856268854e+31
152841600000.000	6.871797829e+31
152928000000.000	6.892739884e+31
153014400000.000	6.923567226e+31
153100800000.000	6.976507041e+31
153187200000.000	7.103812639e+31
153273600000.000	6.866241392e+31
153360000000.000	6.877907161e+31
153446400000.000	6.852040565e+31
153532800000.000	6.835175155e+31
153619200000.000	6.823098314e+31
153705600000.000	6.813915133e+31
153792000000.000	6.806600816e+31
153878400000.000	6.800555816e+31
153964800000.000	6.795402278e+31
154051200000.000	6.790886993e+31
154137600000.000	6.795516260e+31
154224000000.000	6.804932249e+31
154310400000.000	6.815939198e+31
154396800000.000	6.828638290e+31
154483200000.000	6.843135682e+31
154569600000.000	6.859487434e+31
154656000000.000	6.877582605e+31
154742400000.000	6.896898179e+31
154828800000.000	6.916011013e+31
154915200000.000	6.931738548e+31
155001600000.000	6.938061439e+31
155088000000.000	6.926178175e+31
155174400000.000	6.888731502e+31
155260800000.000	6.829597487e+31
155347200000.000	6.759939779e+31
155433600000.000	6.740003728e+31
155520000000.000	6.738636529e+31
155606400000.000	6.912774395e+31
155692800000.000	6.809744261e+31
155779200000.000	6.781571127e+31
155865600000.000	6.767950137e+31
155952000000.000	6.759971646e+31
156038400000.000	6.754842766e+31
156124800000.000	6.751377651e+31
156211200000.000	6.748978025e+31
156297600000.000	6.747585438e+31
156384000000.000	6.749303729e+31
156470400000.000	6.750999286e+31
156556800000.000	6.752676387e+31
156643200000.000	6.754339898e+31
156729600000.000	6.755995132e+31
156816000000.000	6.757647741e+31
156902400000.000	6.759303613e+31
156988800000.000	6.760968795e+31
157075200000.000	6.762649420e+31
157161600000.000	6.764351651e+31
157248000000.000	6.766081621e+31
157334400000.000	6.767845380e+31
157420800000.000	6.769648830e+31
157507200000.000	6.771497641e+31
157593600000.000	6.773439611e+31
