# columna 1: tiempo
# columna 2: coordenada x
# columna 3: u(x,t)
0	0	1.38879e-11
0	0.01	3.73757e-11
0	0.02	9.85951e-11
0	0.03	2.54938e-10
0	0.04	6.46143e-10
0	0.05	1.60523e-09
0	0.06	3.90894e-09
0	0.07	9.33029e-09
0	0.08	2.18296e-08
0	0.09	5.00622e-08
0	0.1	1.12535e-07
0	0.11	2.4796e-07
0	0.12	5.35535e-07
0	0.13	1.13373e-06
0	0.14	2.35258e-06
0	0.15	4.78512e-06
0	0.16	9.54016e-06
0	0.17	1.86437e-05
0	0.18	3.57128e-05
0	0.19	6.70548e-05
0	0.2	0.00012341
0	0.21	0.00022263
0	0.22	0.000393669
0	0.23	0.000682328
0	0.24	0.00115923
0	0.25	0.00193045
0	0.26	0.00315111
0	0.27	0.00504176
0	0.28	0.00790705
0	0.29	0.0121552
0	0.3	0.0183156
0	0.31	0.0270518
0	0.32	0.0391639
0	0.33	0.0555762
0	0.34	0.0773047
0	0.35	0.105399
0	0.36	0.140858
0	0.37	0.18452
0	0.38	0.236928
0	0.39	0.298197
0	0.4	0.367879
0	0.41	0.444858
0	0.42	0.527292
0	0.43	0.612626
0	0.44	0.697676
0	0.45	0.778801
0	0.46	0.852144
0	0.47	0.913931
0	0.48	0.960789
0	0.49	0.99005
0	0.5	1
0	0.51	0.99005
0	0.52	0.960789
0	0.53	0.913931
0	0.54	0.852144
0	0.55	0.778801
0	0.56	0.697676
0	0.57	0.612626
0	0.58	0.527292
0	0.59	0.444858
0	0.6	0.367879
0	0.61	0.298197
0	0.62	0.236928
0	0.63	0.18452
0	0.64	0.140858
0	0.65	0.105399
0	0.66	0.0773047
0	0.67	0.0555762
0	0.68	0.0391639
0	0.69	0.0270518
0	0.7	0.0183156
0	0.71	0.0121552
0	0.72	0.00790705
0	0.73	0.00504176
0	0.74	0.00315111
0	0.75	0.00193045
0	0.76	0.00115923
0	0.77	0.000682328
0	0.78	0.000393669
0	0.79	0.00022263
0	0.8	0.00012341
0	0.81	6.70548e-05
0	0.82	3.57128e-05
0	0.83	1.86437e-05
0	0.84	9.54016e-06
0	0.85	4.78512e-06
0	0.86	2.35258e-06
0	0.87	1.13373e-06
0	0.88	5.35535e-07
0	0.89	2.4796e-07
0	0.9	1.12535e-07
0	0.91	5.00622e-08
0	0.92	2.18296e-08
0	0.93	9.33029e-09
0	0.94	3.90894e-09
0	0.95	1.60523e-09
0	0.96	6.46143e-10
0	0.97	2.54938e-10
0	0.98	9.85951e-11
0	0.99	3.73757e-11
0	1	1.38879e-11


0.0001	0	1.38879e-11
0.0001	0.01	3.73757e-11
0.0001	0.02	9.85951e-11
0.0001	0.03	2.54938e-10
0.0001	0.04	6.46143e-10
0.0001	0.05	1.60523e-09
0.0001	0.06	3.90894e-09
0.0001	0.07	9.33029e-09
0.0001	0.08	2.18296e-08
0.0001	0.09	5.00622e-08
0.0001	0.1	1.12535e-07
0.0001	0.11	2.4796e-07
0.0001	0.12	5.35535e-07
0.0001	0.13	1.13373e-06
0.0001	0.14	2.35258e-06
0.0001	0.15	4.78512e-06
0.0001	0.16	9.54016e-06
0.0001	0.17	1.86437e-05
0.0001	0.18	3.57128e-05
0.0001	0.19	6.70548e-05
0.0001	0.2	0.00012341
0.0001	0.21	0.00022263
0.0001	0.22	0.000393669
0.0001	0.23	0.000682328
0.0001	0.24	0.00115923
0.0001	0.25	0.00193045
0.0001	0.26	0.00315111
0.0001	0.27	0.00504176
0.0001	0.28	0.00790705
0.0001	0.29	0.0121552
0.0001	0.3	0.0183156
0.0001	0.31	0.0270518
0.0001	0.32	0.0391639
0.0001	0.33	0.0555762
0.0001	0.34	0.0773047
0.0001	0.35	0.105399
0.0001	0.36	0.140858
0.0001	0.37	0.18452
0.0001	0.38	0.236928
0.0001	0.39	0.298197
0.0001	0.4	0.367879
0.0001	0.41	0.444858
0.0001	0.42	0.527292
0.0001	0.43	0.612626
0.0001	0.44	0.697676
0.0001	0.45	0.778801
0.0001	0.46	0.852144
0.0001	0.47	0.913931
0.0001	0.48	0.960789
0.0001	0.49	0.99005
0.0001	0.5	1
0.0001	0.51	0.99005
0.0001	0.52	0.960789
0.0001	0.53	0.913931
0.0001	0.54	0.852144
0.0001	0.55	0.778801
0.0001	0.56	0.697676
0.0001	0.57	0.612626
0.0001	0.58	0.527292
0.0001	0.59	0.444858
0.0001	0.6	0.367879
0.0001	0.61	0.298197
0.0001	0.62	0.236928
0.0001	0.63	0.18452
0.0001	0.64	0.140858
0.0001	0.65	0.105399
0.0001	0.66	0.0773047
0.0001	0.67	0.0555762
0.0001	0.68	0.0391639
0.0001	0.69	0.0270518
0.0001	0.7	0.0183156
0.0001	0.71	0.0121552
0.0001	0.72	0.00790705
0.0001	0.73	0.00504176
0.0001	0.74	0.00315111
0.0001	0.75	0.00193045
0.0001	0.76	0.00115923
0.0001	0.77	0.000682328
0.0001	0.78	0.000393669
0.0001	0.79	0.00022263
0.0001	0.8	0.00012341
0.0001	0.81	6.70548e-05
0.0001	0.82	3.57128e-05
0.0001	0.83	1.86437e-05
0.0001	0.84	9.54016e-06
0.0001	0.85	4.78512e-06
0.0001	0.86	2.35258e-06
0.0001	0.87	1.13373e-06
0.0001	0.88	5.35535e-07
0.0001	0.89	2.4796e-07
0.0001	0.9	1.12535e-07
0.0001	0.91	5.00622e-08
0.0001	0.92	2.18296e-08
0.0001	0.93	9.33029e-09
0.0001	0.94	3.90894e-09
0.0001	0.95	1.60523e-09
0.0001	0.96	6.46143e-10
0.0001	0.97	2.54938e-10
0.0001	0.98	9.85951e-11
0.0001	0.99	3.73757e-11
0.0001	1	1.38879e-11


0.0002	0	0
0.0002	0.01	7.51073e-11
0.0002	0.02	1.93719e-10
0.0002	0.03	4.898e-10
0.0002	0.04	1.21402e-09
0.0002	0.05	2.94985e-09
0.0002	0.06	7.02658e-09
0.0002	0.07	1.64082e-08
0.0002	0.08	3.75629e-08
0.0002	0.09	8.43026e-08
0.0002	0.1	1.85487e-07
0.0002	0.11	4.0011e-07
0.0002	0.12	8.46152e-07
0.0002	0.13	1.75438e-06
0.0002	0.14	3.56627e-06
0.0002	0.15	7.10762e-06
0.0002	0.16	1.38887e-05
0.0002	0.17	2.66093e-05
0.0002	0.18	4.99857e-05
0.0002	0.19	9.20678e-05
0.0002	0.2	0.000166275
0.0002	0.21	0.000294449
0.0002	0.22	0.000511289
0.0002	0.23	0.00087057
0.0002	0.24	0.00145355
0.0002	0.25	0.00237989
0.0002	0.26	0.0038211
0.0002	0.27	0.00601641
0.0002	0.28	0.00928988
0.0002	0.29	0.0140675
0.0002	0.3	0.0208914
0.0002	0.31	0.0304277
0.0002	0.32	0.0434642
0.0002	0.33	0.0608924
0.0002	0.34	0.0836707
0.0002	0.35	0.112764
0.0002	0.36	0.14906
0.0002	0.37	0.193267
0.0002	0.38	0.245789
0.0002	0.39	0.30661
0.0002	0.4	0.375176
0.0002	0.41	0.450314
0.0002	0.42	0.530192
0.0002	0.43	0.612342
0.0002	0.44	0.693751
0.0002	0.45	0.771019
0.0002	0.46	0.840588
0.0002	0.47	0.899002
0.0002	0.48	0.943192
0.0002	0.49	0.97074
0.0002	0.5	0.9801
0.0002	0.51	0.97074
0.0002	0.52	0.943192
0.0002	0.53	0.899002
0.0002	0.54	0.840588
0.0002	0.55	0.771019
0.0002	0.56	0.693751
0.0002	0.57	0.612342
0.0002	0.58	0.530192
0.0002	0.59	0.450314
0.0002	0.6	0.375176
0.0002	0.61	0.30661
0.0002	0.62	0.245789
0.0002	0.63	0.193267
0.0002	0.64	0.14906
0.0002	0.65	0.112764
0.0002	0.66	0.0836707
0.0002	0.67	0.0608924
0.0002	0.68	0.0434642
0.0002	0.69	0.0304277
0.0002	0.7	0.0208914
0.0002	0.71	0.0140675
0.0002	0.72	0.00928988
0.0002	0.73	0.00601641
0.0002	0.74	0.0038211
0.0002	0.75	0.00237989
0.0002	0.76	0.00145355
0.0002	0.77	0.00087057
0.0002	0.78	0.000511289
0.0002	0.79	0.000294449
0.0002	0.8	0.000166275
0.0002	0.81	9.20678e-05
0.0002	0.82	4.99857e-05
0.0002	0.83	2.66093e-05
0.0002	0.84	1.38887e-05
0.0002	0.85	7.10762e-06
0.0002	0.86	3.56627e-06
0.0002	0.87	1.75438e-06
0.0002	0.88	8.46152e-07
0.0002	0.89	4.0011e-07
0.0002	0.9	1.85487e-07
0.0002	0.91	8.43026e-08
0.0002	0.92	3.75629e-08
0.0002	0.93	1.64082e-08
0.0002	0.94	7.02658e-09
0.0002	0.95	2.94985e-09
0.0002	0.96	1.21402e-09
0.0002	0.97	4.898e-10
0.0002	0.98	1.93719e-10
0.0002	0.99	7.51073e-11
0.0002	1	0


0.0007	0	0
0.0007	0.01	5.42135e-09
0.0007	0.02	1.4803e-08
0.0007	0.03	3.4613e-08
0.0007	0.04	7.76672e-08
0.0007	0.05	1.70194e-07
0.0007	0.06	3.65317e-07
0.0007	0.07	7.68424e-07
0.0007	0.08	1.58419e-06
0.0007	0.09	3.20103e-06
0.0007	0.1	6.33939e-06
0.0007	0.11	1.2305e-05
0.0007	0.12	2.34095e-05
0.0007	0.13	4.36493e-05
0.0007	0.14	7.97699e-05
0.0007	0.15	0.000142882
0.0007	0.16	0.000250837
0.0007	0.17	0.000431603
0.0007	0.18	0.000727874
0.0007	0.19	0.00120312
0.0007	0.2	0.00194913
0.0007	0.21	0.00309498
0.0007	0.22	0.00481686
0.0007	0.23	0.00734786
0.0007	0.24	0.0109864
0.0007	0.25	0.0161011
0.0007	0.26	0.0231298
0.0007	0.27	0.0325698
0.0007	0.28	0.0449576
0.0007	0.29	0.0608353
0.0007	0.3	0.0807054
0.0007	0.31	0.104973
0.0007	0.32	0.133885
0.0007	0.33	0.167464
0.0007	0.34	0.205458
0.0007	0.35	0.247307
0.0007	0.36	0.29214
0.0007	0.37	0.338802
0.0007	0.38	0.385926
0.0007	0.39	0.432038
0.0007	0.4	0.475682
0.0007	0.41	0.515554
0.0007	0.42	0.550634
0.0007	0.43	0.580274
0.0007	0.44	0.604246
0.0007	0.45	0.622732
0.0007	0.46	0.636255
0.0007	0.47	0.645556
0.0007	0.48	0.651446
0.0007	0.49	0.654647
0.0007	0.5	0.655656
0.0007	0.51	0.654647
0.0007	0.52	0.651446
0.0007	0.53	0.645556
0.0007	0.54	0.636255
0.0007	0.55	0.622732
0.0007	0.56	0.604246
0.0007	0.57	0.580274
0.0007	0.58	0.550634
0.0007	0.59	0.515554
0.0007	0.6	0.475682
0.0007	0.61	0.432038
0.0007	0.62	0.385926
0.0007	0.63	0.338802
0.0007	0.64	0.29214
0.0007	0.65	0.247307
0.0007	0.66	0.205458
0.0007	0.67	0.167464
0.0007	0.68	0.133885
0.0007	0.69	0.104973
0.0007	0.7	0.0807054
0.0007	0.71	0.0608353
0.0007	0.72	0.0449576
0.0007	0.73	0.0325698
0.0007	0.74	0.0231298
0.0007	0.75	0.0161011
0.0007	0.76	0.0109864
0.0007	0.77	0.00734786
0.0007	0.78	0.00481686
0.0007	0.79	0.00309498
0.0007	0.8	0.00194913
0.0007	0.81	0.00120312
0.0007	0.82	0.000727874
0.0007	0.83	0.000431603
0.0007	0.84	0.000250837
0.0007	0.85	0.000142882
0.0007	0.86	7.97699e-05
0.0007	0.87	4.36493e-05
0.0007	0.88	2.34095e-05
0.0007	0.89	1.2305e-05
0.0007	0.9	6.33939e-06
0.0007	0.91	3.20103e-06
0.0007	0.92	1.58419e-06
0.0007	0.93	7.68424e-07
0.0007	0.94	3.65317e-07
0.0007	0.95	1.70194e-07
0.0007	0.96	7.76672e-08
0.0007	0.97	3.4613e-08
0.0007	0.98	1.4803e-08
0.0007	0.99	5.42135e-09
0.0007	1	0


0.0012	0	0
0.0012	0.01	2.87575e-07
0.0012	0.02	7.33617e-07
0.0012	0.03	1.5689e-06
0.0012	0.04	3.19439e-06
0.0012	0.05	6.33644e-06
0.0012	0.06	1.23034e-05
0.0012	0.07	2.34079e-05
0.0012	0.08	4.36463e-05
0.0012	0.09	7.97632e-05
0.0012	0.1	0.000142867
0.0012	0.11	0.000250802
0.0012	0.12	0.000431526
0.0012	0.13	0.000727704
0.0012	0.14	0.00120275
0.0012	0.15	0.00194836
0.0012	0.16	0.0030934
0.0012	0.17	0.00481366
0.0012	0.18	0.00734153
0.0012	0.19	0.0109741
0.0012	0.2	0.0160777
0.0012	0.21	0.0230862
0.0012	0.22	0.0324901
0.0012	0.23	0.0448149
0.0012	0.24	0.0605849
0.0012	0.25	0.0802747
0.0012	0.26	0.104247
0.0012	0.27	0.132685
0.0012	0.28	0.165521
0.0012	0.29	0.202377
0.0012	0.3	0.242517
0.0012	0.31	0.284842
0.0012	0.32	0.327908
0.0012	0.33	0.369991
0.0012	0.34	0.409203
0.0012	0.35	0.443623
0.0012	0.36	0.471467
0.0012	0.37	0.491253
0.0012	0.38	0.501948
0.0012	0.39	0.503093
0.0012	0.4	0.494863
0.0012	0.41	0.478081
0.0012	0.42	0.454166
0.0012	0.43	0.42503
0.0012	0.44	0.392935
0.0012	0.45	0.360318
0.0012	0.46	0.329613
0.0012	0.47	0.303078
0.0012	0.48	0.282638
0.0012	0.49	0.269761
0.0012	0.5	0.265364
0.0012	0.51	0.269761
0.0012	0.52	0.282638
0.0012	0.53	0.303078
0.0012	0.54	0.329613
0.0012	0.55	0.360318
0.0012	0.56	0.392935
0.0012	0.57	0.42503
0.0012	0.58	0.454166
0.0012	0.59	0.478081
0.0012	0.6	0.494863
0.0012	0.61	0.503093
0.0012	0.62	0.501948
0.0012	0.63	0.491253
0.0012	0.64	0.471467
0.0012	0.65	0.443623
0.0012	0.66	0.409203
0.0012	0.67	0.369991
0.0012	0.68	0.327908
0.0012	0.69	0.284842
0.0012	0.7	0.242517
0.0012	0.71	0.202377
0.0012	0.72	0.165521
0.0012	0.73	0.132685
0.0012	0.74	0.104247
0.0012	0.75	0.0802747
0.0012	0.76	0.0605849
0.0012	0.77	0.0448149
0.0012	0.78	0.0324901
0.0012	0.79	0.0230862
0.0012	0.8	0.0160777
0.0012	0.81	0.0109741
0.0012	0.82	0.00734153
0.0012	0.83	0.00481366
0.0012	0.84	0.0030934
0.0012	0.85	0.00194836
0.0012	0.86	0.00120275
0.0012	0.87	0.000727704
0.0012	0.88	0.000431526
0.0012	0.89	0.000250802
0.0012	0.9	0.000142867
0.0012	0.91	7.97632e-05
0.0012	0.92	4.36463e-05
0.0012	0.93	2.34079e-05
0.0012	0.94	1.23034e-05
0.0012	0.95	6.33644e-06
0.0012	0.96	3.19439e-06
0.0012	0.97	1.5689e-06
0.0012	0.98	7.33617e-07
0.0012	0.99	2.87575e-07
0.0012	1	0


0.0017	0	0
0.0017	0.01	9.10358e-06
0.0017	0.02	2.18242e-05
0.0017	0.03	4.28781e-05
0.0017	0.04	7.9398e-05
0.0017	0.05	0.000142696
0.0017	0.06	0.000250725
0.0017	0.07	0.000431491
0.0017	0.08	0.000727688
0.0017	0.09	0.00120274
0.0017	0.1	0.00194836
0.0017	0.11	0.0030934
0.0017	0.12	0.00481365
0.0017	0.13	0.00734152
0.0017	0.14	0.0109741
0.0017	0.15	0.0160777
0.0017	0.16	0.0230862
0.0017	0.17	0.03249
0.0017	0.18	0.0448147
0.0017	0.19	0.0605845
0.0017	0.2	0.0802739
0.0017	0.21	0.104246
0.0017	0.22	0.132682
0.0017	0.23	0.165515
0.0017	0.24	0.202364
0.0017	0.25	0.242494
0.0017	0.26	0.284799
0.0017	0.27	0.327828
0.0017	0.28	0.369849
0.0017	0.29	0.408953
0.0017	0.3	0.443192
0.0017	0.31	0.470741
0.0017	0.32	0.490053
0.0017	0.33	0.500006
0.0017	0.34	0.500012
0.0017	0.35	0.490073
0.0017	0.36	0.470783
0.0017	0.37	0.443271
0.0017	0.38	0.409095
0.0017	0.39	0.370099
0.0017	0.4	0.328259
0.0017	0.41	0.285526
0.0017	0.42	0.243697
0.0017	0.43	0.204313
0.0017	0.44	0.168609
0.0017	0.45	0.137496
0.0017	0.46	0.111587
0.0017	0.47	0.091248
0.0017	0.48	0.0766623
0.0017	0.49	0.0679009
0.0017	0.5	0.0649801
0.0017	0.51	0.0679009
0.0017	0.52	0.0766623
0.0017	0.53	0.091248
0.0017	0.54	0.111587
0.0017	0.55	0.137496
0.0017	0.56	0.168609
0.0017	0.57	0.204313
0.0017	0.58	0.243697
0.0017	0.59	0.285526
0.0017	0.6	0.328259
0.0017	0.61	0.370099
0.0017	0.62	0.409095
0.0017	0.63	0.443271
0.0017	0.64	0.470783
0.0017	0.65	0.490073
0.0017	0.66	0.500012
0.0017	0.67	0.500006
0.0017	0.68	0.490053
0.0017	0.69	0.470741
0.0017	0.7	0.443192
0.0017	0.71	0.408953
0.0017	0.72	0.369849
0.0017	0.73	0.327828
0.0017	0.74	0.284799
0.0017	0.75	0.242494
0.0017	0.76	0.202364
0.0017	0.77	0.165515
0.0017	0.78	0.132682
0.0017	0.79	0.104246
0.0017	0.8	0.0802739
0.0017	0.81	0.0605845
0.0017	0.82	0.0448147
0.0017	0.83	0.03249
0.0017	0.84	0.0230862
0.0017	0.85	0.0160777
0.0017	0.86	0.0109741
0.0017	0.87	0.00734152
0.0017	0.88	0.00481365
0.0017	0.89	0.0030934
0.0017	0.9	0.00194836
0.0017	0.91	0.00120274
0.0017	0.92	0.000727688
0.0017	0.93	0.000431491
0.0017	0.94	0.000250725
0.0017	0.95	0.000142696
0.0017	0.96	7.9398e-05
0.0017	0.97	4.28781e-05
0.0017	0.98	2.18242e-05
0.0017	0.99	9.10358e-06
0.0017	1	0


0.0022	0	0
0.0022	0.01	0.000171039
0.0022	0.02	0.000387879
0.0022	0.03	0.000704295
0.0022	0.04	0.00119045
0.0022	0.05	0.00194202
0.0022	0.06	0.0030902
0.0022	0.07	0.00481207
0.0022	0.08	0.00734076
0.0022	0.09	0.0109738
0.0022	0.1	0.0160776
0.0022	0.11	0.0230861
0.0022	0.12	0.03249
0.0022	0.13	0.0448147
0.0022	0.14	0.0605845
0.0022	0.15	0.0802739
0.0022	0.16	0.104246
0.0022	0.17	0.132682
0.0022	0.18	0.165515
0.0022	0.19	0.202364
0.0022	0.2	0.242494
0.0022	0.21	0.284799
0.0022	0.22	0.327828
0.0022	0.23	0.369849
0.0022	0.24	0.408952
0.0022	0.25	0.443192
0.0022	0.26	0.47074
0.0022	0.27	0.49005
0.0022	0.28	0.5
0.0022	0.29	0.5
0.0022	0.3	0.49005
0.0022	0.31	0.47074
0.0022	0.32	0.443192
0.0022	0.33	0.408952
0.0022	0.34	0.369849
0.0022	0.35	0.327829
0.0022	0.36	0.2848
0.0022	0.37	0.242497
0.0022	0.38	0.202371
0.0022	0.39	0.165527
0.0022	0.4	0.132706
0.0022	0.41	0.104289
0.0022	0.42	0.0803537
0.0022	0.43	0.0607274
0.0022	0.44	0.0450655
0.0022	0.45	0.0329216
0.0022	0.46	0.0238139
0.0022	0.47	0.0172805
0.0022	0.48	0.0129225
0.0022	0.49	0.0104349
0.0022	0.5	0.00962731
0.0022	0.51	0.0104349
0.0022	0.52	0.0129225
0.0022	0.53	0.0172805
0.0022	0.54	0.0238139
0.0022	0.55	0.0329216
0.0022	0.56	0.0450655
0.0022	0.57	0.0607274
0.0022	0.58	0.0803537
0.0022	0.59	0.104289
0.0022	0.6	0.132706
0.0022	0.61	0.165527
0.0022	0.62	0.202371
0.0022	0.63	0.242497
0.0022	0.64	0.2848
0.0022	0.65	0.327829
0.0022	0.66	0.369849
0.0022	0.67	0.408952
0.0022	0.68	0.443192
0.0022	0.69	0.47074
0.0022	0.7	0.49005
0.0022	0.71	0.5
0.0022	0.72	0.5
0.0022	0.73	0.49005
0.0022	0.74	0.47074
0.0022	0.75	0.443192
0.0022	0.76	0.408952
0.0022	0.77	0.369849
0.0022	0.78	0.327828
0.0022	0.79	0.284799
0.0022	0.8	0.242494
0.0022	0.81	0.202364
0.0022	0.82	0.165515
0.0022	0.83	0.132682
0.0022	0.84	0.104246
0.0022	0.85	0.0802739
0.0022	0.86	0.0605845
0.0022	0.87	0.0448147
0.0022	0.88	0.03249
0.0022	0.89	0.0230861
0.0022	0.9	0.0160776
0.0022	0.91	0.0109738
0.0022	0.92	0.00734076
0.0022	0.93	0.00481207
0.0022	0.94	0.0030902
0.0022	0.95	0.00194202
0.0022	0.96	0.00119045
0.0022	0.97	0.000704295
0.0022	0.98	0.000387879
0.0022	0.99	0.000171039
0.0022	1	0


0.0027	0	0
0.0027	0.01	0.00189065
0.0027	0.02	0.00408595
0.0027	0.03	0.00691
0.0027	0.04	0.0107233
0.0027	0.05	0.0159349
0.0027	0.06	0.0230064
0.0027	0.07	0.0324464
0.0027	0.08	0.0447913
0.0027	0.09	0.0605722
0.0027	0.1	0.0802675
0.0027	0.11	0.104242
0.0027	0.12	0.132681
0.0027	0.13	0.165514
0.0027	0.14	0.202364
0.0027	0.15	0.242494
0.0027	0.16	0.284799
0.0027	0.17	0.327828
0.0027	0.18	0.369849
0.0027	0.19	0.408952
0.0027	0.2	0.443192
0.0027	0.21	0.47074
0.0027	0.22	0.49005
0.0027	0.23	0.5
0.0027	0.24	0.5
0.0027	0.25	0.49005
0.0027	0.26	0.47074
0.0027	0.27	0.443192
0.0027	0.28	0.408952
0.0027	0.29	0.369849
0.0027	0.3	0.327828
0.0027	0.31	0.284799
0.0027	0.32	0.242494
0.0027	0.33	0.202364
0.0027	0.34	0.165515
0.0027	0.35	0.132682
0.0027	0.36	0.104246
0.0027	0.37	0.080274
0.0027	0.38	0.0605847
0.0027	0.39	0.0448151
0.0027	0.4	0.0324908
0.0027	0.41	0.0230877
0.0027	0.42	0.0160809
0.0027	0.43	0.0109805
0.0027	0.44	0.00735383
0.0027	0.45	0.00483706
0.0027	0.46	0.00313705
0.0027	0.47	0.00202812
0.0027	0.48	0.00134562
0.0027	0.49	0.000978506
0.0027	0.5	0.000863051
0.0027	0.51	0.000978506
0.0027	0.52	0.00134562
0.0027	0.53	0.00202812
0.0027	0.54	0.00313705
0.0027	0.55	0.00483706
0.0027	0.56	0.00735383
0.0027	0.57	0.0109805
0.0027	0.58	0.0160809
0.0027	0.59	0.0230877
0.0027	0.6	0.0324908
0.0027	0.61	0.0448151
0.0027	0.62	0.0605847
0.0027	0.63	0.080274
0.0027	0.64	0.104246
0.0027	0.65	0.132682
0.0027	0.66	0.165515
0.0027	0.67	0.202364
0.0027	0.68	0.242494
0.0027	0.69	0.284799
0.0027	0.7	0.327828
0.0027	0.71	0.369849
0.0027	0.72	0.408952
0.0027	0.73	0.443192
0.0027	0.74	0.47074
0.0027	0.75	0.49005
0.0027	0.76	0.5
0.0027	0.77	0.5
0.0027	0.78	0.49005
0.0027	0.79	0.47074
0.0027	0.8	0.443192
0.0027	0.81	0.408952
0.0027	0.82	0.369849
0.0027	0.83	0.327828
0.0027	0.84	0.284799
0.0027	0.85	0.242494
0.0027	0.86	0.202364
0.0027	0.87	0.165514
0.0027	0.88	0.132681
0.0027	0.89	0.104242
0.0027	0.9	0.0802675
0.0027	0.91	0.0605722
0.0027	0.92	0.0447913
0.0027	0.93	0.0324464
0.0027	0.94	0.0230064
0.0027	0.95	0.0159349
0.0027	0.96	0.0107233
0.0027	0.97	0.00691
0.0027	0.98	0.00408595
0.0027	0.99	0.00189065
0.0027	1	0


0.0032	0	0
0.0032	0.01	0.012112
0.0032	0.02	0.0251485
0.0032	0.03	0.040001
0.0032	0.04	0.0574911
0.0032	0.05	0.0783255
0.0032	0.06	0.103043
0.0032	0.07	0.131954
0.0032	0.08	0.165084
0.0032	0.09	0.202113
0.0032	0.1	0.242351
0.0032	0.11	0.284719
0.0032	0.12	0.327784
0.0032	0.13	0.369825
0.0032	0.14	0.40894
0.0032	0.15	0.443185
0.0032	0.16	0.470736
0.0032	0.17	0.490048
0.0032	0.18	0.499999
0.0032	0.19	0.5
0.0032	0.2	0.49005
0.0032	0.21	0.47074
0.0032	0.22	0.443192
0.0032	0.23	0.408952
0.0032	0.24	0.369849
0.0032	0.25	0.327828
0.0032	0.26	0.284799
0.0032	0.27	0.242494
0.0032	0.28	0.202364
0.0032	0.29	0.165515
0.0032	0.3	0.132682
0.0032	0.31	0.104246
0.0032	0.32	0.0802739
0.0032	0.33	0.0605845
0.0032	0.34	0.0448147
0.0032	0.35	0.03249
0.0032	0.36	0.0230862
0.0032	0.37	0.0160777
0.0032	0.38	0.0109741
0.0032	0.39	0.00734153
0.0032	0.4	0.00481367
0.0032	0.41	0.00309343
0.0032	0.42	0.00194844
0.0032	0.43	0.00120292
0.0032	0.44	0.000728069
0.0032	0.45	0.000432294
0.0032	0.46	0.000252387
0.0032	0.47	0.000146068
0.0032	0.48	8.61025e-05
0.0032	0.49	5.5951e-05
0.0032	0.5	4.68166e-05
0.0032	0.51	5.5951e-05
0.0032	0.52	8.61025e-05
0.0032	0.53	0.000146068
0.0032	0.54	0.000252387
0.0032	0.55	0.000432294
0.0032	0.56	0.000728069
0.0032	0.57	0.00120292
0.0032	0.58	0.00194844
0.0032	0.59	0.00309343
0.0032	0.6	0.00481367
0.0032	0.61	0.00734153
0.0032	0.62	0.0109741
0.0032	0.63	0.0160777
0.0032	0.64	0.0230862
0.0032	0.65	0.03249
0.0032	0.66	0.0448147
0.0032	0.67	0.0605845
0.0032	0.68	0.0802739
0.0032	0.69	0.104246
0.0032	0.7	0.132682
0.0032	0.71	0.165515
0.0032	0.72	0.202364
0.0032	0.73	0.242494
0.0032	0.74	0.284799
0.0032	0.75	0.327828
0.0032	0.76	0.369849
0.0032	0.77	0.408952
0.0032	0.78	0.443192
0.0032	0.79	0.47074
0.0032	0.8	0.49005
0.0032	0.81	0.5
0.0032	0.82	0.499999
0.0032	0.83	0.490048
0.0032	0.84	0.470736
0.0032	0.85	0.443185
0.0032	0.86	0.40894
0.0032	0.87	0.369825
0.0032	0.88	0.327784
0.0032	0.89	0.284719
0.0032	0.9	0.242351
0.0032	0.91	0.202113
0.0032	0.92	0.165084
0.0032	0.93	0.131954
0.0032	0.94	0.103043
0.0032	0.95	0.0783255
0.0032	0.96	0.0574911
0.0032	0.97	0.040001
0.0032	0.98	0.0251485
0.0032	0.99	0.012112
0.0032	1	0


0.0037	0	0
0.0037	0.01	0.0436611
0.0037	0.02	0.0878674
0.0037	0.03	0.133025
0.0037	0.04	0.179278
0.0037	0.05	0.226416
0.0037	0.06	0.273825
0.0037	0.07	0.320486
0.0037	0.08	0.365035
0.0037	0.09	0.405859
0.0037	0.1	0.441243
0.0037	0.11	0.469537
0.0037	0.12	0.489322
0.0037	0.13	0.499568
0.0037	0.14	0.499749
0.0037	0.15	0.489907
0.0037	0.16	0.47066
0.0037	0.17	0.443148
0.0037	0.18	0.408929
0.0037	0.19	0.369836
0.0037	0.2	0.327821
0.0037	0.21	0.284795
0.0037	0.22	0.242492
0.0037	0.23	0.202364
0.0037	0.24	0.165515
0.0037	0.25	0.132682
0.0037	0.26	0.104246
0.0037	0.27	0.0802739
0.0037	0.28	0.0605845
0.0037	0.29	0.0448147
0.0037	0.3	0.03249
0.0037	0.31	0.0230862
0.0037	0.32	0.0160777
0.0037	0.33	0.0109741
0.0037	0.34	0.00734152
0.0037	0.35	0.00481365
0.0037	0.36	0.0030934
0.0037	0.37	0.00194836
0.0037	0.38	0.00120275
0.0037	0.39	0.000727704
0.0037	0.4	0.000431526
0.0037	0.41	0.000250803
0.0037	0.42	0.000142868
0.0037	0.43	7.97661e-05
0.0037	0.44	4.36531e-05
0.0037	0.45	2.34236e-05
0.0037	0.46	1.23393e-05
0.0037	0.47	6.41695e-06
0.0037	0.48	3.37118e-06
0.0037	0.49	1.94948e-06
0.0037	0.5	1.53683e-06
0.0037	0.51	1.94948e-06
0.0037	0.52	3.37118e-06
0.0037	0.53	6.41695e-06
0.0037	0.54	1.23393e-05
0.0037	0.55	2.34236e-05
0.0037	0.56	4.36531e-05
0.0037	0.57	7.97661e-05
0.0037	0.58	0.000142868
0.0037	0.59	0.000250803
0.0037	0.6	0.000431526
0.0037	0.61	0.000727704
0.0037	0.62	0.00120275
0.0037	0.63	0.00194836
0.0037	0.64	0.0030934
0.0037	0.65	0.00481365
0.0037	0.66	0.00734152
0.0037	0.67	0.0109741
0.0037	0.68	0.0160777
0.0037	0.69	0.0230862
0.0037	0.7	0.03249
0.0037	0.71	0.0448147
0.0037	0.72	0.0605845
0.0037	0.73	0.0802739
0.0037	0.74	0.104246
0.0037	0.75	0.132682
0.0037	0.76	0.165515
0.0037	0.77	0.202364
0.0037	0.78	0.242492
0.0037	0.79	0.284795
0.0037	0.8	0.327821
0.0037	0.81	0.369836
0.0037	0.82	0.408929
0.0037	0.83	0.443148
0.0037	0.84	0.47066
0.0037	0.85	0.489907
0.0037	0.86	0.499749
0.0037	0.87	0.499568
0.0037	0.88	0.489322
0.0037	0.89	0.469537
0.0037	0.9	0.441243
0.0037	0.91	0.405859
0.0037	0.92	0.365035
0.0037	0.93	0.320486
0.0037	0.94	0.273825
0.0037	0.95	0.226416
0.0037	0.96	0.179278
0.0037	0.97	0.133025
0.0037	0.98	0.0878674
0.0037	0.99	0.0436611
0.0037	1	0


0.0042	0	0
0.0042	0.01	0.0824344
0.0042	0.02	0.162313
0.0042	0.03	0.237166
0.0042	0.04	0.304707
0.0042	0.05	0.362918
0.0042	0.06	0.410155
0.0042	0.07	0.445235
0.0042	0.08	0.46751
0.0042	0.09	0.476914
0.0042	0.1	0.473972
0.0042	0.11	0.459765
0.0042	0.12	0.43585
0.0042	0.13	0.404139
0.0042	0.14	0.366755
0.0042	0.15	0.325879
0.0042	0.16	0.283596
0.0042	0.17	0.241766
0.0042	0.18	0.201933
0.0042	0.19	0.165264
0.0042	0.2	0.132539
0.0042	0.21	0.104166
0.0042	0.22	0.0802302
0.0042	0.23	0.0605611
0.0042	0.24	0.0448024
0.0042	0.25	0.0324837
0.0042	0.26	0.023083
0.0042	0.27	0.0160761
0.0042	0.28	0.0109733
0.0042	0.29	0.00734116
0.0042	0.3	0.00481348
0.0042	0.31	0.00309332
0.0042	0.32	0.00194833
0.0042	0.33	0.00120274
0.0042	0.34	0.000727697
0.0042	0.35	0.000431523
0.0042	0.36	0.000250801
0.0042	0.37	0.000142866
0.0042	0.38	7.97631e-05
0.0042	0.39	4.36464e-05
0.0042	0.4	2.34083e-05
0.0042	0.41	1.23045e-05
0.0042	0.42	6.33922e-06
0.0042	0.43	3.20098e-06
0.0042	0.44	1.58423e-06
0.0042	0.45	7.68597e-07
0.0042	0.46	3.65776e-07
0.0042	0.47	1.71364e-07
0.0042	0.48	8.05049e-08
0.0042	0.49	4.13606e-08
0.0042	0.5	3.05312e-08
0.0042	0.51	4.13606e-08
0.0042	0.52	8.05049e-08
0.0042	0.53	1.71364e-07
0.0042	0.54	3.65776e-07
0.0042	0.55	7.68597e-07
0.0042	0.56	1.58423e-06
0.0042	0.57	3.20098e-06
0.0042	0.58	6.33922e-06
0.0042	0.59	1.23045e-05
0.0042	0.6	2.34083e-05
0.0042	0.61	4.36464e-05
0.0042	0.62	7.97631e-05
0.0042	0.63	0.000142866
0.0042	0.64	0.000250801
0.0042	0.65	0.000431523
0.0042	0.66	0.000727697
0.0042	0.67	0.00120274
0.0042	0.68	0.00194833
0.0042	0.69	0.00309332
0.0042	0.7	0.00481348
0.0042	0.71	0.00734116
0.0042	0.72	0.0109733
0.0042	0.73	0.0160761
0.0042	0.74	0.023083
0.0042	0.75	0.0324837
0.0042	0.76	0.0448024
0.0042	0.77	0.0605611
0.0042	0.78	0.0802302
0.0042	0.79	0.104166
0.0042	0.8	0.132539
0.0042	0.81	0.165264
0.0042	0.82	0.201933
0.0042	0.83	0.241766
0.0042	0.84	0.283596
0.0042	0.85	0.325879
0.0042	0.86	0.366755
0.0042	0.87	0.404139
0.0042	0.88	0.43585
0.0042	0.89	0.459765
0.0042	0.9	0.473972
0.0042	0.91	0.476914
0.0042	0.92	0.46751
0.0042	0.93	0.445235
0.0042	0.94	0.410155
0.0042	0.95	0.362918
0.0042	0.96	0.304707
0.0042	0.97	0.237166
0.0042	0.98	0.162313
0.0042	0.99	0.0824344
0.0042	1	0


0.0047	0	0
0.0047	0.01	0.0617874
0.0047	0.02	0.120201
0.0047	0.03	0.172172
0.0047	0.04	0.215201
0.0047	0.05	0.247556
0.0047	0.06	0.268375
0.0047	0.07	0.277676
0.0047	0.08	0.27627
0.0047	0.09	0.265603
0.0047	0.1	0.247554
0.0047	0.11	0.224214
0.0047	0.12	0.197679
0.0047	0.13	0.169874
0.0047	0.14	0.142429
0.0047	0.15	0.116604
0.0047	0.16	0.0932715
0.0047	0.17	0.0729324
0.0047	0.18	0.0557709
0.0047	0.19	0.0417213
0.0047	0.2	0.0305417
0.0047	0.21	0.0218834
0.0047	0.22	0.01535
0.0047	0.23	0.0105426
0.0047	0.24	0.00709072
0.0047	0.25	0.00467079
0.0047	0.26	0.00301364
0.0047	0.27	0.00190471
0.0047	0.28	0.00117934
0.0047	0.29	0.000715399
0.0047	0.3	0.000425186
0.0047	0.31	0.000247602
0.0047	0.32	0.000141282
0.0047	0.33	7.89949e-05
0.0047	0.34	4.32812e-05
0.0047	0.35	2.32381e-05
0.0047	0.36	1.22268e-05
0.0047	0.37	6.30441e-06
0.0047	0.38	3.18569e-06
0.0047	0.39	1.5776e-06
0.0047	0.4	7.65647e-07
0.0047	0.41	3.64171e-07
0.0047	0.42	1.69758e-07
0.0047	0.43	7.7555e-08
0.0047	0.44	3.47252e-08
0.0047	0.45	1.52384e-08
0.0047	0.46	6.56771e-09
0.0047	0.47	2.77647e-09
0.0047	0.48	1.16985e-09
0.0047	0.49	5.33974e-10
0.0047	0.5	3.67105e-10
0.0047	0.51	5.33974e-10
0.0047	0.52	1.16985e-09
0.0047	0.53	2.77646e-09
0.0047	0.54	6.56771e-09
0.0047	0.55	1.52384e-08
0.0047	0.56	3.47252e-08
0.0047	0.57	7.7555e-08
0.0047	0.58	1.69758e-07
0.0047	0.59	3.64171e-07
0.0047	0.6	7.65647e-07
0.0047	0.61	1.5776e-06
0.0047	0.62	3.18569e-06
0.0047	0.63	6.30441e-06
0.0047	0.64	1.22268e-05
0.0047	0.65	2.32381e-05
0.0047	0.66	4.32812e-05
0.0047	0.67	7.89949e-05
0.0047	0.68	0.000141282
0.0047	0.69	0.000247602
0.0047	0.7	0.000425186
0.0047	0.71	0.000715399
0.0047	0.72	0.00117934
0.0047	0.73	0.00190471
0.0047	0.74	0.00301364
0.0047	0.75	0.00467079
0.0047	0.76	0.00709072
0.0047	0.77	0.0105426
0.0047	0.78	0.01535
0.0047	0.79	0.0218834
0.0047	0.8	0.0305417
0.0047	0.81	0.0417213
0.0047	0.82	0.0557709
0.0047	0.83	0.0729324
0.0047	0.84	0.0932715
0.0047	0.85	0.116604
0.0047	0.86	0.142429
0.0047	0.87	0.169874
0.0047	0.88	0.197679
0.0047	0.89	0.224214
0.0047	0.9	0.247554
0.0047	0.91	0.265603
0.0047	0.92	0.27627
0.0047	0.93	0.277676
0.0047	0.94	0.268375
0.0047	0.95	0.247556
0.0047	0.96	0.215201
0.0047	0.97	0.172172
0.0047	0.98	0.120201
0.0047	0.99	0.0617874
0.0047	1	0


0.0052	0	0
0.0052	0.01	-0.0292604
0.0052	0.02	-0.0568084
0.0052	0.03	-0.0810976
0.0052	0.04	-0.100891
0.0052	0.05	-0.115364
0.0052	0.06	-0.124154
0.0052	0.07	-0.127355
0.0052	0.08	-0.125463
0.0052	0.09	-0.119283
0.0052	0.1	-0.109812
0.0052	0.11	-0.0981186
0.0052	0.12	-0.0852413
0.0052	0.13	-0.0720976
0.0052	0.14	-0.0594309
0.0052	0.15	-0.0477838
0.0052	0.16	-0.0374984
0.0052	0.17	-0.028737
0.0052	0.18	-0.0215159
0.0052	0.19	-0.0157446
0.0052	0.2	-0.0112641
0.0052	0.21	-0.00788072
0.0052	0.22	-0.00539316
0.0052	0.23	-0.0036109
0.0052	0.24	-0.0023657
0.0052	0.25	-0.00151684
0.0052	0.26	-0.000951948
0.0052	0.27	-0.000584837
0.0052	0.28	-0.000351762
0.0052	0.29	-0.000207156
0.0052	0.3	-0.000119458
0.0052	0.31	-6.74588e-05
0.0052	0.32	-3.73073e-05
0.0052	0.33	-2.02074e-05
0.0052	0.34	-1.07204e-05
0.0052	0.35	-5.57079e-06
0.0052	0.36	-2.83564e-06
0.0052	0.37	-1.41394e-06
0.0052	0.38	-6.90675e-07
0.0052	0.39	-3.30517e-07
0.0052	0.4	-1.54955e-07
0.0052	0.41	-7.11746e-08
0.0052	0.42	-3.20303e-08
0.0052	0.43	-1.4123e-08
0.0052	0.44	-6.1014e-09
0.0052	0.45	-2.58275e-09
0.0052	0.46	-1.07125e-09
0.0052	0.47	-4.35381e-10
0.0052	0.48	-1.73388e-10
0.0052	0.49	-6.76637e-11
0.0052	0.5	-5.44212e-11
0.0052	0.51	-6.76637e-11
0.0052	0.52	-1.73388e-10
0.0052	0.53	-4.35381e-10
0.0052	0.54	-1.07125e-09
0.0052	0.55	-2.58275e-09
0.0052	0.56	-6.1014e-09
0.0052	0.57	-1.4123e-08
0.0052	0.58	-3.20303e-08
0.0052	0.59	-7.11746e-08
0.0052	0.6	-1.54955e-07
0.0052	0.61	-3.30517e-07
0.0052	0.62	-6.90675e-07
0.0052	0.63	-1.41394e-06
0.0052	0.64	-2.83564e-06
0.0052	0.65	-5.57079e-06
0.0052	0.66	-1.07204e-05
0.0052	0.67	-2.02074e-05
0.0052	0.68	-3.73073e-05
0.0052	0.69	-6.74588e-05
0.0052	0.7	-0.000119458
0.0052	0.71	-0.000207156
0.0052	0.72	-0.000351762
0.0052	0.73	-0.000584837
0.0052	0.74	-0.000951948
0.0052	0.75	-0.00151684
0.0052	0.76	-0.0023657
0.0052	0.77	-0.0036109
0.0052	0.78	-0.00539316
0.0052	0.79	-0.00788072
0.0052	0.8	-0.0112641
0.0052	0.81	-0.0157446
0.0052	0.82	-0.0215159
0.0052	0.83	-0.028737
0.0052	0.84	-0.0374984
0.0052	0.85	-0.0477838
0.0052	0.86	-0.0594309
0.0052	0.87	-0.0720976
0.0052	0.88	-0.0852413
0.0052	0.89	-0.0981186
0.0052	0.9	-0.109812
0.0052	0.91	-0.119283
0.0052	0.92	-0.125463
0.0052	0.93	-0.127355
0.0052	0.94	-0.124154
0.0052	0.95	-0.115364
0.0052	0.96	-0.100891
0.0052	0.97	-0.0810976
0.0052	0.98	-0.0568084
0.0052	0.99	-0.0292604
0.0052	1	0


0.0057	0	0
0.0057	0.01	-0.0850499
0.0057	0.02	-0.166458
0.0057	0.03	-0.240827
0.0057	0.04	-0.305224
0.0057	0.05	-0.357368
0.0057	0.06	-0.395754
0.0057	0.07	-0.419726
0.0057	0.08	-0.429465
0.0057	0.09	-0.425925
0.0057	0.1	-0.410702
0.0057	0.11	-0.385866
0.0057	0.12	-0.353771
0.0057	0.13	-0.316854
0.0057	0.14	-0.277457
0.0057	0.15	-0.23768
0.0057	0.16	-0.199271
0.0057	0.17	-0.163567
0.0057	0.18	-0.131479
0.0057	0.19	-0.103518
0.0057	0.2	-0.0798424
0.0057	0.21	-0.0603337
0.0057	0.22	-0.0446718
0.0057	0.23	-0.0324103
0.0057	0.24	-0.0230425
0.0057	0.25	-0.0160543
0.0057	0.26	-0.0109618
0.0057	0.27	-0.00733518
0.0057	0.28	-0.00481045
0.0057	0.29	-0.00309182
0.0057	0.3	-0.00194759
0.0057	0.31	-0.00120239
0.0057	0.32	-0.000727533
0.0057	0.33	-0.000431448
0.0057	0.34	-0.000250768
0.0057	0.35	-0.000142851
0.0057	0.36	-7.97567e-05
0.0057	0.37	-4.36437e-05
0.0057	0.38	-2.34072e-05
0.0057	0.39	-1.23041e-05
0.0057	0.4	-6.33902e-06
0.0057	0.41	-3.20088e-06
0.0057	0.42	-1.58413e-06
0.0057	0.43	-7.68403e-07
0.0057	0.44	-3.6531e-07
0.0057	0.45	-1.70248e-07
0.0057	0.46	-7.781e-08
0.0057	0.47	-3.49801e-08
0.0057	0.48	-1.57282e-08
0.0057	0.49	-7.70663e-09
0.0057	0.5	-5.5326e-09
0.0057	0.51	-7.70663e-09
0.0057	0.52	-1.57282e-08
0.0057	0.53	-3.49801e-08
0.0057	0.54	-7.781e-08
0.0057	0.55	-1.70248e-07
0.0057	0.56	-3.6531e-07
0.0057	0.57	-7.68403e-07
0.0057	0.58	-1.58413e-06
0.0057	0.59	-3.20088e-06
0.0057	0.6	-6.33902e-06
0.0057	0.61	-1.23041e-05
0.0057	0.62	-2.34072e-05
0.0057	0.63	-4.36437e-05
0.0057	0.64	-7.97567e-05
0.0057	0.65	-0.000142851
0.0057	0.66	-0.000250768
0.0057	0.67	-0.000431448
0.0057	0.68	-0.000727533
0.0057	0.69	-0.00120239
0.0057	0.7	-0.00194759
0.0057	0.71	-0.00309182
0.0057	0.72	-0.00481045
0.0057	0.73	-0.00733518
0.0057	0.74	-0.0109618
0.0057	0.75	-0.0160543
0.0057	0.76	-0.0230425
0.0057	0.77	-0.0324103
0.0057	0.78	-0.0446718
0.0057	0.79	-0.0603337
0.0057	0.8	-0.0798424
0.0057	0.81	-0.103518
0.0057	0.82	-0.131479
0.0057	0.83	-0.163567
0.0057	0.84	-0.199271
0.0057	0.85	-0.23768
0.0057	0.86	-0.277457
0.0057	0.87	-0.316854
0.0057	0.88	-0.353771
0.0057	0.89	-0.385866
0.0057	0.9	-0.410702
0.0057	0.91	-0.425925
0.0057	0.92	-0.429465
0.0057	0.93	-0.419726
0.0057	0.94	-0.395754
0.0057	0.95	-0.357368
0.0057	0.96	-0.305224
0.0057	0.97	-0.240827
0.0057	0.98	-0.166458
0.0057	0.99	-0.0850499
0.0057	1	0


0.0062	0	0
0.0062	0.01	-0.0612695
0.0062	0.02	-0.12209
0.0062	0.03	-0.181909
0.0062	0.04	-0.239984
0.0062	0.05	-0.295338
0.0062	0.06	-0.346762
0.0062	0.07	-0.392874
0.0062	0.08	-0.432217
0.0062	0.09	-0.463398
0.0062	0.1	-0.485236
0.0062	0.11	-0.496907
0.0062	0.12	-0.498052
0.0062	0.13	-0.488847
0.0062	0.14	-0.470012
0.0062	0.15	-0.44276
0.0062	0.16	-0.408701
0.0062	0.17	-0.369706
0.0062	0.18	-0.327748
0.0062	0.19	-0.284755
0.0062	0.2	-0.24247
0.0062	0.21	-0.202352
0.0062	0.22	-0.165509
0.0062	0.23	-0.132679
0.0062	0.24	-0.104244
0.0062	0.25	-0.0802731
0.0062	0.26	-0.0605842
0.0062	0.27	-0.0448145
0.0062	0.28	-0.03249
0.0062	0.29	-0.0230861
0.0062	0.3	-0.0160777
0.0062	0.31	-0.0109741
0.0062	0.32	-0.00734152
0.0062	0.33	-0.00481365
0.0062	0.34	-0.0030934
0.0062	0.35	-0.00194836
0.0062	0.36	-0.00120275
0.0062	0.37	-0.000727704
0.0062	0.38	-0.000431526
0.0062	0.39	-0.000250802
0.0062	0.4	-0.000142867
0.0062	0.41	-7.97634e-05
0.0062	0.42	-4.36467e-05
0.0062	0.43	-2.34088e-05
0.0062	0.44	-1.23057e-05
0.0062	0.45	-6.34197e-06
0.0062	0.46	-3.20752e-06
0.0062	0.47	-1.59943e-06
0.0062	0.48	-8.0321e-07
0.0062	0.49	-4.43052e-07
0.0062	0.5	-3.40442e-07
0.0062	0.51	-4.43052e-07
0.0062	0.52	-8.0321e-07
0.0062	0.53	-1.59943e-06
0.0062	0.54	-3.20752e-06
0.0062	0.55	-6.34197e-06
0.0062	0.56	-1.23057e-05
0.0062	0.57	-2.34088e-05
0.0062	0.58	-4.36467e-05
0.0062	0.59	-7.97634e-05
0.0062	0.6	-0.000142867
0.0062	0.61	-0.000250802
0.0062	0.62	-0.000431526
0.0062	0.63	-0.000727704
0.0062	0.64	-0.00120275
0.0062	0.65	-0.00194836
0.0062	0.66	-0.0030934
0.0062	0.67	-0.00481365
0.0062	0.68	-0.00734152
0.0062	0.69	-0.0109741
0.0062	0.7	-0.0160777
0.0062	0.71	-0.0230861
0.0062	0.72	-0.03249
0.0062	0.73	-0.0448145
0.0062	0.74	-0.0605842
0.0062	0.75	-0.0802731
0.0062	0.76	-0.104244
0.0062	0.77	-0.132679
0.0062	0.78	-0.165509
0.0062	0.79	-0.202352
0.0062	0.8	-0.24247
0.0062	0.81	-0.284755
0.0062	0.82	-0.327748
0.0062	0.83	-0.369706
0.0062	0.84	-0.408701
0.0062	0.85	-0.44276
0.0062	0.86	-0.470012
0.0062	0.87	-0.488847
0.0062	0.88	-0.498052
0.0062	0.89	-0.496907
0.0062	0.9	-0.485236
0.0062	0.91	-0.463398
0.0062	0.92	-0.432217
0.0062	0.93	-0.392874
0.0062	0.94	-0.346762
0.0062	0.95	-0.295338
0.0062	0.96	-0.239984
0.0062	0.97	-0.181909
0.0062	0.98	-0.12209
0.0062	0.99	-0.0612695
0.0062	1	0


0.0067	0	0
0.0067	0.01	-0.0217285
0.0067	0.02	-0.0445068
0.0067	0.03	-0.0692998
0.0067	0.04	-0.0969041
0.0067	0.05	-0.127868
0.0067	0.06	-0.162422
0.0067	0.07	-0.200416
0.0067	0.08	-0.241291
0.0067	0.09	-0.284071
0.0067	0.1	-0.327396
0.0067	0.11	-0.369598
0.0067	0.12	-0.408809
0.0067	0.13	-0.443112
0.0067	0.14	-0.470696
0.0067	0.15	-0.490026
0.0067	0.16	-0.499988
0.0067	0.17	-0.499994
0.0067	0.18	-0.490047
0.0067	0.19	-0.470738
0.0067	0.2	-0.443191
0.0067	0.21	-0.408952
0.0067	0.22	-0.369848
0.0067	0.23	-0.327828
0.0067	0.24	-0.284799
0.0067	0.25	-0.242494
0.0067	0.26	-0.202364
0.0067	0.27	-0.165515
0.0067	0.28	-0.132682
0.0067	0.29	-0.104246
0.0067	0.3	-0.0802739
0.0067	0.31	-0.0605845
0.0067	0.32	-0.0448147
0.0067	0.33	-0.03249
0.0067	0.34	-0.0230862
0.0067	0.35	-0.0160777
0.0067	0.36	-0.0109741
0.0067	0.37	-0.00734152
0.0067	0.38	-0.00481366
0.0067	0.39	-0.0030934
0.0067	0.4	-0.00194836
0.0067	0.41	-0.00120276
0.0067	0.42	-0.000727719
0.0067	0.43	-0.00043156
0.0067	0.44	-0.00025088
0.0067	0.45	-0.000143037
0.0067	0.46	-8.01286e-05
0.0067	0.47	-4.44149e-05
0.0067	0.48	-2.49925e-05
0.0067	0.49	-1.55055e-05
0.0067	0.5	-1.26784e-05
0.0067	0.51	-1.55055e-05
0.0067	0.52	-2.49925e-05
0.0067	0.53	-4.44149e-05
0.0067	0.54	-8.01286e-05
0.0067	0.55	-0.000143037
0.0067	0.56	-0.00025088
0.0067	0.57	-0.00043156
0.0067	0.58	-0.000727719
0.0067	0.59	-0.00120276
0.0067	0.6	-0.00194836
0.0067	0.61	-0.0030934
0.0067	0.62	-0.00481366
0.0067	0.63	-0.00734152
0.0067	0.64	-0.0109741
0.0067	0.65	-0.0160777
0.0067	0.66	-0.0230862
0.0067	0.67	-0.03249
0.0067	0.68	-0.0448147
0.0067	0.69	-0.0605845
0.0067	0.7	-0.0802739
0.0067	0.71	-0.104246
0.0067	0.72	-0.132682
0.0067	0.73	-0.165515
0.0067	0.74	-0.202364
0.0067	0.75	-0.242494
0.0067	0.76	-0.284799
0.0067	0.77	-0.327828
0.0067	0.78	-0.369848
0.0067	0.79	-0.408952
0.0067	0.8	-0.443191
0.0067	0.81	-0.470738
0.0067	0.82	-0.490047
0.0067	0.83	-0.499994
0.0067	0.84	-0.499988
0.0067	0.85	-0.490026
0.0067	0.86	-0.470696
0.0067	0.87	-0.443112
0.0067	0.88	-0.408809
0.0067	0.89	-0.369598
0.0067	0.9	-0.327396
0.0067	0.91	-0.284071
0.0067	0.92	-0.241291
0.0067	0.93	-0.200416
0.0067	0.94	-0.162422
0.0067	0.95	-0.127868
0.0067	0.96	-0.0969041
0.0067	0.97	-0.0692998
0.0067	0.98	-0.0445068
0.0067	0.99	-0.0217285
0.0067	1	0


0.0072	0	0
0.0072	0.01	-0.00424812
0.0072	0.02	-0.00902575
0.0072	0.03	-0.014875
0.0072	0.04	-0.0223585
0.0072	0.05	-0.0320585
0.0072	0.06	-0.0445639
0.0072	0.07	-0.0604417
0.0072	0.08	-0.0801941
0.0072	0.09	-0.104202
0.0072	0.1	-0.132659
0.0072	0.11	-0.165503
0.0072	0.12	-0.202358
0.0072	0.13	-0.242491
0.0072	0.14	-0.284797
0.0072	0.15	-0.327827
0.0072	0.16	-0.369848
0.0072	0.17	-0.408952
0.0072	0.18	-0.443192
0.0072	0.19	-0.47074
0.0072	0.2	-0.49005
0.0072	0.21	-0.5
0.0072	0.22	-0.5
0.0072	0.23	-0.49005
0.0072	0.24	-0.47074
0.0072	0.25	-0.443192
0.0072	0.26	-0.408952
0.0072	0.27	-0.369849
0.0072	0.28	-0.327828
0.0072	0.29	-0.284799
0.0072	0.3	-0.242494
0.0072	0.31	-0.202364
0.0072	0.32	-0.165515
0.0072	0.33	-0.132682
0.0072	0.34	-0.104246
0.0072	0.35	-0.0802739
0.0072	0.36	-0.0605845
0.0072	0.37	-0.0448147
0.0072	0.38	-0.0324901
0.0072	0.39	-0.0230862
0.0072	0.4	-0.0160779
0.0072	0.41	-0.0109745
0.0072	0.42	-0.00734229
0.0072	0.43	-0.00481524
0.0072	0.44	-0.0030966
0.0072	0.45	-0.0019547
0.0072	0.46	-0.00121506
0.0072	0.47	-0.000751112
0.0072	0.48	-0.000475172
0.0072	0.49	-0.000330566
0.0072	0.5	-0.000285733
0.0072	0.51	-0.000330566
0.0072	0.52	-0.000475172
0.0072	0.53	-0.000751112
0.0072	0.54	-0.00121506
0.0072	0.55	-0.0019547
0.0072	0.56	-0.0030966
0.0072	0.57	-0.00481524
0.0072	0.58	-0.00734229
0.0072	0.59	-0.0109745
0.0072	0.6	-0.0160779
0.0072	0.61	-0.0230862
0.0072	0.62	-0.0324901
0.0072	0.63	-0.0448147
0.0072	0.64	-0.0605845
0.0072	0.65	-0.0802739
0.0072	0.66	-0.104246
0.0072	0.67	-0.132682
0.0072	0.68	-0.165515
0.0072	0.69	-0.202364
0.0072	0.7	-0.242494
0.0072	0.71	-0.284799
0.0072	0.72	-0.327828
0.0072	0.73	-0.369849
0.0072	0.74	-0.408952
0.0072	0.75	-0.443192
0.0072	0.76	-0.47074
0.0072	0.77	-0.49005
0.0072	0.78	-0.5
0.0072	0.79	-0.5
0.0072	0.8	-0.49005
0.0072	0.81	-0.47074
0.0072	0.82	-0.443192
0.0072	0.83	-0.408952
0.0072	0.84	-0.369848
0.0072	0.85	-0.327827
0.0072	0.86	-0.284797
0.0072	0.87	-0.242491
0.0072	0.88	-0.202358
0.0072	0.89	-0.165503
0.0072	0.9	-0.132659
0.0072	0.91	-0.104202
0.0072	0.92	-0.0801941
0.0072	0.93	-0.0604417
0.0072	0.94	-0.0445639
0.0072	0.95	-0.0320585
0.0072	0.96	-0.0223585
0.0072	0.97	-0.014875
0.0072	0.98	-0.00902575
0.0072	0.99	-0.00424812
0.0072	1	0


0.0077	0	0
0.0077	0.01	-0.000476901
0.0077	0.02	-0.00105988
0.0077	0.03	-0.0018686
0.0077	0.04	-0.00304975
0.0077	0.05	-0.00479025
0.0077	0.06	-0.00732922
0.0077	0.07	-0.0109678
0.0077	0.08	-0.0160745
0.0077	0.09	-0.0230846
0.0077	0.1	-0.0324893
0.0077	0.11	-0.0448143
0.0077	0.12	-0.0605844
0.0077	0.13	-0.0802738
0.0077	0.14	-0.104246
0.0077	0.15	-0.132682
0.0077	0.16	-0.165515
0.0077	0.17	-0.202364
0.0077	0.18	-0.242494
0.0077	0.19	-0.284799
0.0077	0.2	-0.327828
0.0077	0.21	-0.369849
0.0077	0.22	-0.408952
0.0077	0.23	-0.443192
0.0077	0.24	-0.47074
0.0077	0.25	-0.49005
0.0077	0.26	-0.5
0.0077	0.27	-0.5
0.0077	0.28	-0.49005
0.0077	0.29	-0.47074
0.0077	0.3	-0.443192
0.0077	0.31	-0.408952
0.0077	0.32	-0.369849
0.0077	0.33	-0.327828
0.0077	0.34	-0.284799
0.0077	0.35	-0.242494
0.0077	0.36	-0.202365
0.0077	0.37	-0.165516
0.0077	0.38	-0.132684
0.0077	0.39	-0.104249
0.0077	0.4	-0.0802802
0.0077	0.41	-0.0605968
0.0077	0.42	-0.0448381
0.0077	0.43	-0.0325337
0.0077	0.44	-0.0231659
0.0077	0.45	-0.0162206
0.0077	0.46	-0.0112249
0.0077	0.47	-0.00777305
0.0077	0.48	-0.00554136
0.0077	0.49	-0.00429615
0.0077	0.5	-0.00389672
0.0077	0.51	-0.00429615
0.0077	0.52	-0.00554136
0.0077	0.53	-0.00777305
0.0077	0.54	-0.0112249
0.0077	0.55	-0.0162206
0.0077	0.56	-0.0231659
0.0077	0.57	-0.0325337
0.0077	0.58	-0.0448381
0.0077	0.59	-0.0605968
0.0077	0.6	-0.0802802
0.0077	0.61	-0.104249
0.0077	0.62	-0.132684
0.0077	0.63	-0.165516
0.0077	0.64	-0.202365
0.0077	0.65	-0.242494
0.0077	0.66	-0.284799
0.0077	0.67	-0.327828
0.0077	0.68	-0.369849
0.0077	0.69	-0.408952
0.0077	0.7	-0.443192
0.0077	0.71	-0.47074
0.0077	0.72	-0.49005
0.0077	0.73	-0.5
0.0077	0.74	-0.5
0.0077	0.75	-0.49005
0.0077	0.76	-0.47074
0.0077	0.77	-0.443192
0.0077	0.78	-0.408952
0.0077	0.79	-0.369849
0.0077	0.8	-0.327828
0.0077	0.81	-0.284799
0.0077	0.82	-0.242494
0.0077	0.83	-0.202364
0.0077	0.84	-0.165515
0.0077	0.85	-0.132682
0.0077	0.86	-0.104246
0.0077	0.87	-0.0802738
0.0077	0.88	-0.0605844
0.0077	0.89	-0.0448143
0.0077	0.9	-0.0324893
0.0077	0.91	-0.0230846
0.0077	0.92	-0.0160745
0.0077	0.93	-0.0109678
0.0077	0.94	-0.00732922
0.0077	0.95	-0.00479025
0.0077	0.96	-0.00304975
0.0077	0.97	-0.0018686
0.0077	0.98	-0.00105988
0.0077	0.99	-0.000476901
0.0077	1	0


0.0082	0	0
0.0082	0.01	-3.1342e-05
0.0082	0.02	-7.34241e-05
0.0082	0.03	-0.000139666
0.0082	0.04	-0.000249218
0.0082	0.05	-0.000430757
0.0082	0.06	-0.000727338
0.0082	0.07	-0.00120258
0.0082	0.08	-0.00194828
0.0082	0.09	-0.00309336
0.0082	0.1	-0.00481364
0.0082	0.11	-0.00734152
0.0082	0.12	-0.0109741
0.0082	0.13	-0.0160777
0.0082	0.14	-0.0230862
0.0082	0.15	-0.03249
0.0082	0.16	-0.0448147
0.0082	0.17	-0.0605845
0.0082	0.18	-0.0802739
0.0082	0.19	-0.104246
0.0082	0.2	-0.132682
0.0082	0.21	-0.165515
0.0082	0.22	-0.202364
0.0082	0.23	-0.242494
0.0082	0.24	-0.284799
0.0082	0.25	-0.327828
0.0082	0.26	-0.369849
0.0082	0.27	-0.408952
0.0082	0.28	-0.443192
0.0082	0.29	-0.47074
0.0082	0.3	-0.49005
0.0082	0.31	-0.5
0.0082	0.32	-0.500001
0.0082	0.33	-0.490051
0.0082	0.34	-0.470743
0.0082	0.35	-0.443198
0.0082	0.36	-0.408965
0.0082	0.37	-0.369872
0.0082	0.38	-0.327871
0.0082	0.39	-0.284878
0.0082	0.4	-0.242637
0.0082	0.41	-0.202615
0.0082	0.42	-0.165947
0.0082	0.43	-0.13341
0.0082	0.44	-0.105448
0.0082	0.45	-0.0822222
0.0082	0.46	-0.0636779
0.0082	0.47	-0.0496283
0.0082	0.48	-0.0398316
0.0082	0.49	-0.0340603
0.0082	0.5	-0.0321555
0.0082	0.51	-0.0340603
0.0082	0.52	-0.0398316
0.0082	0.53	-0.0496283
0.0082	0.54	-0.0636779
0.0082	0.55	-0.0822222
0.0082	0.56	-0.105448
0.0082	0.57	-0.13341
0.0082	0.58	-0.165947
0.0082	0.59	-0.202615
0.0082	0.6	-0.242637
0.0082	0.61	-0.284878
0.0082	0.62	-0.327871
0.0082	0.63	-0.369872
0.0082	0.64	-0.408965
0.0082	0.65	-0.443198
0.0082	0.66	-0.470743
0.0082	0.67	-0.490051
0.0082	0.68	-0.500001
0.0082	0.69	-0.5
0.0082	0.7	-0.49005
0.0082	0.71	-0.47074
0.0082	0.72	-0.443192
0.0082	0.73	-0.408952
0.0082	0.74	-0.369849
0.0082	0.75	-0.327828
0.0082	0.76	-0.284799
0.0082	0.77	-0.242494
0.0082	0.78	-0.202364
0.0082	0.79	-0.165515
0.0082	0.8	-0.132682
0.0082	0.81	-0.104246
0.0082	0.82	-0.0802739
0.0082	0.83	-0.0605845
0.0082	0.84	-0.0448147
0.0082	0.85	-0.03249
0.0082	0.86	-0.0230862
0.0082	0.87	-0.0160777
0.0082	0.88	-0.0109741
0.0082	0.89	-0.00734152
0.0082	0.9	-0.00481364
0.0082	0.91	-0.00309336
0.0082	0.92	-0.00194828
0.0082	0.93	-0.00120258
0.0082	0.94	-0.000727338
0.0082	0.95	-0.000430757
0.0082	0.96	-0.000249218
0.0082	0.97	-0.000139666
0.0082	0.98	-7.34241e-05
0.0082	0.99	-3.1342e-05
0.0082	1	0


0.0087	0	0
0.0087	0.01	-1.21885e-06
0.0087	0.02	-3.03073e-06
0.0087	0.03	-6.26147e-06
0.0087	0.04	-1.22697e-05
0.0087	0.05	-2.3393e-05
0.0087	0.06	-4.36399e-05
0.0087	0.07	-7.97605e-05
0.0087	0.08	-0.000142865
0.0087	0.09	-0.000250802
0.0087	0.1	-0.000431525
0.0087	0.11	-0.000727704
0.0087	0.12	-0.00120275
0.0087	0.13	-0.00194836
0.0087	0.14	-0.0030934
0.0087	0.15	-0.00481365
0.0087	0.16	-0.00734152
0.0087	0.17	-0.0109741
0.0087	0.18	-0.0160777
0.0087	0.19	-0.0230862
0.0087	0.2	-0.0324901
0.0087	0.21	-0.0448147
0.0087	0.22	-0.0605845
0.0087	0.23	-0.0802739
0.0087	0.24	-0.104246
0.0087	0.25	-0.132682
0.0087	0.26	-0.165516
0.0087	0.27	-0.202365
0.0087	0.28	-0.242495
0.0087	0.29	-0.284802
0.0087	0.3	-0.327834
0.0087	0.31	-0.369861
0.0087	0.32	-0.408976
0.0087	0.33	-0.443235
0.0087	0.34	-0.470819
0.0087	0.35	-0.490193
0.0087	0.36	-0.500251
0.0087	0.37	-0.500432
0.0087	0.38	-0.490778
0.0087	0.39	-0.471942
0.0087	0.4	-0.44514
0.0087	0.41	-0.412046
0.0087	0.42	-0.374662
0.0087	0.43	-0.335169
0.0087	0.44	-0.295773
0.0087	0.45	-0.258572
0.0087	0.46	-0.22545
0.0087	0.47	-0.198005
0.0087	0.48	-0.177497
0.0087	0.49	-0.16483
0.0087	0.5	-0.160548
0.0087	0.51	-0.16483
0.0087	0.52	-0.177497
0.0087	0.53	-0.198005
0.0087	0.54	-0.22545
0.0087	0.55	-0.258572
0.0087	0.56	-0.295773
0.0087	0.57	-0.335169
0.0087	0.58	-0.374662
0.0087	0.59	-0.412046
0.0087	0.6	-0.44514
0.0087	0.61	-0.471942
0.0087	0.62	-0.490778
0.0087	0.63	-0.500432
0.0087	0.64	-0.500251
0.0087	0.65	-0.490193
0.0087	0.66	-0.470819
0.0087	0.67	-0.443235
0.0087	0.68	-0.408976
0.0087	0.69	-0.369861
0.0087	0.7	-0.327834
0.0087	0.71	-0.284802
0.0087	0.72	-0.242495
0.0087	0.73	-0.202365
0.0087	0.74	-0.165516
0.0087	0.75	-0.132682
0.0087	0.76	-0.104246
0.0087	0.77	-0.0802739
0.0087	0.78	-0.0605845
0.0087	0.79	-0.0448147
0.0087	0.8	-0.0324901
0.0087	0.81	-0.0230862
0.0087	0.82	-0.0160777
0.0087	0.83	-0.0109741
0.0087	0.84	-0.00734152
0.0087	0.85	-0.00481365
0.0087	0.86	-0.0030934
0.0087	0.87	-0.00194836
0.0087	0.88	-0.00120275
0.0087	0.89	-0.000727704
0.0087	0.9	-0.000431525
0.0087	0.91	-0.000250802
0.0087	0.92	-0.000142865
0.0087	0.93	-7.97605e-05
0.0087	0.94	-4.36399e-05
0.0087	0.95	-2.3393e-05
0.0087	0.96	-1.22697e-05
0.0087	0.97	-6.26147e-06
0.0087	0.98	-3.03073e-06
0.0087	0.99	-1.21885e-06
0.0087	1	0


0.0092	0	0
0.0092	0.01	-2.82326e-08
0.0092	0.02	-7.49723e-08
0.0092	0.03	-1.69078e-07
0.0092	0.04	-3.64851e-07
0.0092	0.05	-7.6823e-07
0.0092	0.06	-1.58409e-06
0.0092	0.07	-3.20093e-06
0.0092	0.08	-6.3392e-06
0.0092	0.09	-1.23045e-05
0.0092	0.1	-2.34083e-05
0.0092	0.11	-4.36466e-05
0.0092	0.12	-7.97635e-05
0.0092	0.13	-0.000142867
0.0092	0.14	-0.000250804
0.0092	0.15	-0.000431528
0.0092	0.16	-0.00072771
0.0092	0.17	-0.00120277
0.0092	0.18	-0.0019484
0.0092	0.19	-0.00309348
0.0092	0.2	-0.00481383
0.0092	0.21	-0.00734189
0.0092	0.22	-0.0109749
0.0092	0.23	-0.0160793
0.0092	0.24	-0.0230894
0.0092	0.25	-0.0324964
0.0092	0.26	-0.044827
0.0092	0.27	-0.0606079
0.0092	0.28	-0.0803175
0.0092	0.29	-0.104325
0.0092	0.3	-0.132825
0.0092	0.31	-0.165766
0.0092	0.32	-0.202796
0.0092	0.33	-0.243221
0.0092	0.34	-0.286001
0.0092	0.35	-0.329776
0.0092	0.36	-0.372942
0.0092	0.37	-0.413766
0.0092	0.38	-0.450533
0.0092	0.39	-0.481714
0.0092	0.4	-0.506128
0.0092	0.41	-0.523086
0.0092	0.42	-0.53249
0.0092	0.43	-0.534865
0.0092	0.44	-0.531324
0.0092	0.45	-0.523465
0.0092	0.46	-0.513198
0.0092	0.47	-0.502531
0.0092	0.48	-0.493343
0.0092	0.49	-0.487163
0.0092	0.5	-0.484988
0.0092	0.51	-0.487163
0.0092	0.52	-0.493343
0.0092	0.53	-0.502531
0.0092	0.54	-0.513198
0.0092	0.55	-0.523465
0.0092	0.56	-0.531324
0.0092	0.57	-0.534865
0.0092	0.58	-0.53249
0.0092	0.59	-0.523086
0.0092	0.6	-0.506128
0.0092	0.61	-0.481714
0.0092	0.62	-0.450533
0.0092	0.63	-0.413766
0.0092	0.64	-0.372942
0.0092	0.65	-0.329776
0.0092	0.66	-0.286001
0.0092	0.67	-0.243221
0.0092	0.68	-0.202796
0.0092	0.69	-0.165766
0.0092	0.7	-0.132825
0.0092	0.71	-0.104325
0.0092	0.72	-0.0803175
0.0092	0.73	-0.0606079
0.0092	0.74	-0.044827
0.0092	0.75	-0.0324964
0.0092	0.76	-0.0230894
0.0092	0.77	-0.0160793
0.0092	0.78	-0.0109749
0.0092	0.79	-0.00734189
0.0092	0.8	-0.00481383
0.0092	0.81	-0.00309348
0.0092	0.82	-0.0019484
0.0092	0.83	-0.00120277
0.0092	0.84	-0.00072771
0.0092	0.85	-0.000431528
0.0092	0.86	-0.000250804
0.0092	0.87	-0.000142867
0.0092	0.88	-7.97635e-05
0.0092	0.89	-4.36466e-05
0.0092	0.9	-2.34083e-05
0.0092	0.91	-1.23045e-05
0.0092	0.92	-6.3392e-06
0.0092	0.93	-3.20093e-06
0.0092	0.94	-1.58409e-06
0.0092	0.95	-7.6823e-07
0.0092	0.96	-3.64851e-07
0.0092	0.97	-1.69078e-07
0.0092	0.98	-7.49723e-08
0.0092	0.99	-2.82326e-08
0.0092	1	0


0.0097	0	0
0.0097	0.01	-3.91205e-10
0.0097	0.02	-1.11543e-09
0.0097	0.03	-2.75613e-09
0.0097	0.04	-6.56026e-09
0.0097	0.05	-1.52928e-08
0.0097	0.06	-3.4868e-08
0.0097	0.07	-7.79221e-08
0.0097	0.08	-1.70684e-07
0.0097	0.09	-3.66456e-07
0.0097	0.1	-7.7118e-07
0.0097	0.11	-1.59073e-06
0.0097	0.12	-3.21622e-06
0.0097	0.13	-6.374e-06
0.0097	0.14	-1.23823e-05
0.0097	0.15	-2.35785e-05
0.0097	0.16	-4.40118e-05
0.0097	0.17	-8.05317e-05
0.0097	0.18	-0.000144451
0.0097	0.19	-0.000254003
0.0097	0.2	-0.000437865
0.0097	0.21	-0.000740008
0.0097	0.22	-0.00122616
0.0097	0.23	-0.00199201
0.0097	0.24	-0.00317316
0.0097	0.25	-0.00495652
0.0097	0.26	-0.00759233
0.0097	0.27	-0.0114056
0.0097	0.28	-0.0168054
0.0097	0.29	-0.0242889
0.0097	0.3	-0.0344384
0.0097	0.31	-0.0479081
0.0097	0.32	-0.0653982
0.0097	0.33	-0.0876154
0.0097	0.34	-0.11522
0.0097	0.35	-0.14876
0.0097	0.36	-0.188601
0.0097	0.37	-0.234854
0.0097	0.38	-0.287308
0.0097	0.39	-0.345383
0.0097	0.4	-0.408102
0.0097	0.41	-0.474094
0.0097	0.42	-0.541634
0.0097	0.43	-0.608707
0.0097	0.44	-0.673104
0.0097	0.45	-0.732544
0.0097	0.46	-0.784799
0.0097	0.47	-0.827828
0.0097	0.48	-0.859898
0.0097	0.49	-0.879692
0.0097	0.5	-0.886383
0.0097	0.51	-0.879692
0.0097	0.52	-0.859898
0.0097	0.53	-0.827828
0.0097	0.54	-0.784799
0.0097	0.55	-0.732544
0.0097	0.56	-0.673104
0.0097	0.57	-0.608707
0.0097	0.58	-0.541634
0.0097	0.59	-0.474094
0.0097	0.6	-0.408102
0.0097	0.61	-0.345383
0.0097	0.62	-0.287308
0.0097	0.63	-0.234854
0.0097	0.64	-0.188601
0.0097	0.65	-0.14876
0.0097	0.66	-0.11522
0.0097	0.67	-0.0876154
0.0097	0.68	-0.0653982
0.0097	0.69	-0.0479081
0.0097	0.7	-0.0344384
0.0097	0.71	-0.0242889
0.0097	0.72	-0.0168054
0.0097	0.73	-0.0114056
0.0097	0.74	-0.00759233
0.0097	0.75	-0.00495652
0.0097	0.76	-0.00317316
0.0097	0.77	-0.00199201
0.0097	0.78	-0.00122616
0.0097	0.79	-0.000740008
0.0097	0.8	-0.000437865
0.0097	0.81	-0.000254003
0.0097	0.82	-0.000144451
0.0097	0.83	-8.05317e-05
0.0097	0.84	-4.40118e-05
0.0097	0.85	-2.35785e-05
0.0097	0.86	-1.23823e-05
0.0097	0.87	-6.374e-06
0.0097	0.88	-3.21622e-06
0.0097	0.89	-1.59073e-06
0.0097	0.9	-7.7118e-07
0.0097	0.91	-3.66456e-07
0.0097	0.92	-1.70684e-07
0.0097	0.93	-7.79221e-08
0.0097	0.94	-3.4868e-08
0.0097	0.95	-1.52928e-08
0.0097	0.96	-6.56026e-09
0.0097	0.97	-2.75613e-09
0.0097	0.98	-1.11543e-09
0.0097	0.99	-3.91205e-10
0.0097	1	0


0.0102	0	0
0.0102	0.01	-7.51071e-11
0.0102	0.02	-1.93719e-10
0.0102	0.03	-4.898e-10
0.0102	0.04	-1.21402e-09
0.0102	0.05	-2.94985e-09
0.0102	0.06	-7.02658e-09
0.0102	0.07	-1.64082e-08
0.0102	0.08	-3.75629e-08
0.0102	0.09	-8.43026e-08
0.0102	0.1	-1.85487e-07
0.0102	0.11	-4.0011e-07
0.0102	0.12	-8.46152e-07
0.0102	0.13	-1.75438e-06
0.0102	0.14	-3.56627e-06
0.0102	0.15	-7.10762e-06
0.0102	0.16	-1.38887e-05
0.0102	0.17	-2.66093e-05
0.0102	0.18	-4.99857e-05
0.0102	0.19	-9.20678e-05
0.0102	0.2	-0.000166275
0.0102	0.21	-0.000294449
0.0102	0.22	-0.000511289
0.0102	0.23	-0.00087057
0.0102	0.24	-0.00145355
0.0102	0.25	-0.00237989
0.0102	0.26	-0.0038211
0.0102	0.27	-0.00601641
0.0102	0.28	-0.00928988
0.0102	0.29	-0.0140675
0.0102	0.3	-0.0208914
0.0102	0.31	-0.0304277
0.0102	0.32	-0.0434642
0.0102	0.33	-0.0608924
0.0102	0.34	-0.0836707
0.0102	0.35	-0.112764
0.0102	0.36	-0.14906
0.0102	0.37	-0.193267
0.0102	0.38	-0.245789
0.0102	0.39	-0.30661
0.0102	0.4	-0.375176
0.0102	0.41	-0.450314
0.0102	0.42	-0.530192
0.0102	0.43	-0.612342
0.0102	0.44	-0.693751
0.0102	0.45	-0.771019
0.0102	0.46	-0.840588
0.0102	0.47	-0.899002
0.0102	0.48	-0.943192
0.0102	0.49	-0.97074
0.0102	0.5	-0.9801
0.0102	0.51	-0.97074
0.0102	0.52	-0.943192
0.0102	0.53	-0.899002
0.0102	0.54	-0.840588
0.0102	0.55	-0.771019
0.0102	0.56	-0.693751
0.0102	0.57	-0.612342
0.0102	0.58	-0.530192
0.0102	0.59	-0.450314
0.0102	0.6	-0.375176
0.0102	0.61	-0.30661
0.0102	0.62	-0.245789
0.0102	0.63	-0.193267
0.0102	0.64	-0.14906
0.0102	0.65	-0.112764
0.0102	0.66	-0.0836707
0.0102	0.67	-0.0608924
0.0102	0.68	-0.0434642
0.0102	0.69	-0.0304277
0.0102	0.7	-0.0208914
0.0102	0.71	-0.0140675
0.0102	0.72	-0.00928988
0.0102	0.73	-0.00601641
0.0102	0.74	-0.0038211
0.0102	0.75	-0.00237989
0.0102	0.76	-0.00145355
0.0102	0.77	-0.00087057
0.0102	0.78	-0.000511289
0.0102	0.79	-0.000294449
0.0102	0.8	-0.000166275
0.0102	0.81	-9.20678e-05
0.0102	0.82	-4.99857e-05
0.0102	0.83	-2.66093e-05
0.0102	0.84	-1.38887e-05
0.0102	0.85	-7.10762e-06
0.0102	0.86	-3.56627e-06
0.0102	0.87	-1.75438e-06
0.0102	0.88	-8.46152e-07
0.0102	0.89	-4.0011e-07
0.0102	0.9	-1.85487e-07
0.0102	0.91	-8.43026e-08
0.0102	0.92	-3.75629e-08
0.0102	0.93	-1.64082e-08
0.0102	0.94	-7.02658e-09
0.0102	0.95	-2.94985e-09
0.0102	0.96	-1.21402e-09
0.0102	0.97	-4.898e-10
0.0102	0.98	-1.93719e-10
0.0102	0.99	-7.51073e-11
0.0102	1	0


0.0107	0	0
0.0107	0.01	-5.42135e-09
0.0107	0.02	-1.4803e-08
0.0107	0.03	-3.4613e-08
0.0107	0.04	-7.76672e-08
0.0107	0.05	-1.70194e-07
0.0107	0.06	-3.65317e-07
0.0107	0.07	-7.68424e-07
0.0107	0.08	-1.58419e-06
0.0107	0.09	-3.20103e-06
0.0107	0.1	-6.33939e-06
0.0107	0.11	-1.2305e-05
0.0107	0.12	-2.34095e-05
0.0107	0.13	-4.36493e-05
0.0107	0.14	-7.97699e-05
0.0107	0.15	-0.000142882
0.0107	0.16	-0.000250837
0.0107	0.17	-0.000431603
0.0107	0.18	-0.000727874
0.0107	0.19	-0.00120312
0.0107	0.2	-0.00194913
0.0107	0.21	-0.00309498
0.0107	0.22	-0.00481686
0.0107	0.23	-0.00734786
0.0107	0.24	-0.0109864
0.0107	0.25	-0.0161011
0.0107	0.26	-0.0231298
0.0107	0.27	-0.0325698
0.0107	0.28	-0.0449576
0.0107	0.29	-0.0608353
0.0107	0.3	-0.0807054
0.0107	0.31	-0.104973
0.0107	0.32	-0.133885
0.0107	0.33	-0.167464
0.0107	0.34	-0.205458
0.0107	0.35	-0.247307
0.0107	0.36	-0.29214
0.0107	0.37	-0.338802
0.0107	0.38	-0.385926
0.0107	0.39	-0.432038
0.0107	0.4	-0.475682
0.0107	0.41	-0.515554
0.0107	0.42	-0.550634
0.0107	0.43	-0.580274
0.0107	0.44	-0.604246
0.0107	0.45	-0.622732
0.0107	0.46	-0.636255
0.0107	0.47	-0.645556
0.0107	0.48	-0.651446
0.0107	0.49	-0.654647
0.0107	0.5	-0.655656
0.0107	0.51	-0.654647
0.0107	0.52	-0.651446
0.0107	0.53	-0.645556
0.0107	0.54	-0.636255
0.0107	0.55	-0.622732
0.0107	0.56	-0.604246
0.0107	0.57	-0.580274
0.0107	0.58	-0.550634
0.0107	0.59	-0.515554
0.0107	0.6	-0.475682
0.0107	0.61	-0.432038
0.0107	0.62	-0.385926
0.0107	0.63	-0.338802
0.0107	0.64	-0.29214
0.0107	0.65	-0.247307
0.0107	0.66	-0.205458
0.0107	0.67	-0.167464
0.0107	0.68	-0.133885
0.0107	0.69	-0.104973
0.0107	0.7	-0.0807054
0.0107	0.71	-0.0608353
0.0107	0.72	-0.0449576
0.0107	0.73	-0.0325698
0.0107	0.74	-0.0231298
0.0107	0.75	-0.0161011
0.0107	0.76	-0.0109864
0.0107	0.77	-0.00734786
0.0107	0.78	-0.00481686
0.0107	0.79	-0.00309498
0.0107	0.8	-0.00194913
0.0107	0.81	-0.00120312
0.0107	0.82	-0.000727874
0.0107	0.83	-0.000431603
0.0107	0.84	-0.000250837
0.0107	0.85	-0.000142882
0.0107	0.86	-7.97699e-05
0.0107	0.87	-4.36493e-05
0.0107	0.88	-2.34095e-05
0.0107	0.89	-1.2305e-05
0.0107	0.9	-6.33939e-06
0.0107	0.91	-3.20103e-06
0.0107	0.92	-1.58419e-06
0.0107	0.93	-7.68424e-07
0.0107	0.94	-3.65317e-07
0.0107	0.95	-1.70194e-07
0.0107	0.96	-7.76672e-08
0.0107	0.97	-3.4613e-08
0.0107	0.98	-1.4803e-08
0.0107	0.99	-5.42135e-09
0.0107	1	0


0.0112	0	0
0.0112	0.01	-2.87575e-07
0.0112	0.02	-7.33617e-07
0.0112	0.03	-1.5689e-06
0.0112	0.04	-3.19439e-06
0.0112	0.05	-6.33644e-06
0.0112	0.06	-1.23034e-05
0.0112	0.07	-2.34079e-05
0.0112	0.08	-4.36463e-05
0.0112	0.09	-7.97632e-05
0.0112	0.1	-0.000142867
0.0112	0.11	-0.000250802
0.0112	0.12	-0.000431526
0.0112	0.13	-0.000727704
0.0112	0.14	-0.00120275
0.0112	0.15	-0.00194836
0.0112	0.16	-0.0030934
0.0112	0.17	-0.00481366
0.0112	0.18	-0.00734153
0.0112	0.19	-0.0109741
0.0112	0.2	-0.0160777
0.0112	0.21	-0.0230862
0.0112	0.22	-0.0324901
0.0112	0.23	-0.0448149
0.0112	0.24	-0.0605849
0.0112	0.25	-0.0802747
0.0112	0.26	-0.104247
0.0112	0.27	-0.132685
0.0112	0.28	-0.165521
0.0112	0.29	-0.202377
0.0112	0.3	-0.242517
0.0112	0.31	-0.284842
0.0112	0.32	-0.327908
0.0112	0.33	-0.369991
0.0112	0.34	-0.409203
0.0112	0.35	-0.443623
0.0112	0.36	-0.471467
0.0112	0.37	-0.491253
0.0112	0.38	-0.501948
0.0112	0.39	-0.503093
0.0112	0.4	-0.494863
0.0112	0.41	-0.478081
0.0112	0.42	-0.454166
0.0112	0.43	-0.42503
0.0112	0.44	-0.392935
0.0112	0.45	-0.360318
0.0112	0.46	-0.329613
0.0112	0.47	-0.303078
0.0112	0.48	-0.282638
0.0112	0.49	-0.269761
0.0112	0.5	-0.265364
0.0112	0.51	-0.269761
0.0112	0.52	-0.282638
0.0112	0.53	-0.303078
0.0112	0.54	-0.329613
0.0112	0.55	-0.360318
0.0112	0.56	-0.392935
0.0112	0.57	-0.42503
0.0112	0.58	-0.454166
0.0112	0.59	-0.478081
0.0112	0.6	-0.494863
0.0112	0.61	-0.503093
0.0112	0.62	-0.501948
0.0112	0.63	-0.491253
0.0112	0.64	-0.471467
0.0112	0.65	-0.443623
0.0112	0.66	-0.409203
0.0112	0.67	-0.369991
0.0112	0.68	-0.327908
0.0112	0.69	-0.284842
0.0112	0.7	-0.242517
0.0112	0.71	-0.202377
0.0112	0.72	-0.165521
0.0112	0.73	-0.132685
0.0112	0.74	-0.104247
0.0112	0.75	-0.0802747
0.0112	0.76	-0.0605849
0.0112	0.77	-0.0448149
0.0112	0.78	-0.0324901
0.0112	0.79	-0.0230862
0.0112	0.8	-0.0160777
0.0112	0.81	-0.0109741
0.0112	0.82	-0.00734153
0.0112	0.83	-0.00481366
0.0112	0.84	-0.0030934
0.0112	0.85	-0.00194836
0.0112	0.86	-0.00120275
0.0112	0.87	-0.000727704
0.0112	0.88	-0.000431526
0.0112	0.89	-0.000250802
0.0112	0.9	-0.000142867
0.0112	0.91	-7.97632e-05
0.0112	0.92	-4.36463e-05
0.0112	0.93	-2.34079e-05
0.0112	0.94	-1.23034e-05
0.0112	0.95	-6.33644e-06
0.0112	0.96	-3.19439e-06
0.0112	0.97	-1.5689e-06
0.0112	0.98	-7.33617e-07
0.0112	0.99	-2.87575e-07
0.0112	1	0


0.0117	0	0
0.0117	0.01	-9.10358e-06
0.0117	0.02	-2.18242e-05
0.0117	0.03	-4.28781e-05
0.0117	0.04	-7.9398e-05
0.0117	0.05	-0.000142696
0.0117	0.06	-0.000250725
0.0117	0.07	-0.000431491
0.0117	0.08	-0.000727688
0.0117	0.09	-0.00120274
0.0117	0.1	-0.00194836
0.0117	0.11	-0.0030934
0.0117	0.12	-0.00481365
0.0117	0.13	-0.00734152
0.0117	0.14	-0.0109741
0.0117	0.15	-0.0160777
0.0117	0.16	-0.0230862
0.0117	0.17	-0.03249
0.0117	0.18	-0.0448147
0.0117	0.19	-0.0605845
0.0117	0.2	-0.0802739
0.0117	0.21	-0.104246
0.0117	0.22	-0.132682
0.0117	0.23	-0.165515
0.0117	0.24	-0.202364
0.0117	0.25	-0.242494
0.0117	0.26	-0.284799
0.0117	0.27	-0.327828
0.0117	0.28	-0.369849
0.0117	0.29	-0.408953
0.0117	0.3	-0.443192
0.0117	0.31	-0.470741
0.0117	0.32	-0.490053
0.0117	0.33	-0.500006
0.0117	0.34	-0.500012
0.0117	0.35	-0.490073
0.0117	0.36	-0.470783
0.0117	0.37	-0.443271
0.0117	0.38	-0.409095
0.0117	0.39	-0.370099
0.0117	0.4	-0.328259
0.0117	0.41	-0.285526
0.0117	0.42	-0.243697
0.0117	0.43	-0.204313
0.0117	0.44	-0.168609
0.0117	0.45	-0.137496
0.0117	0.46	-0.111587
0.0117	0.47	-0.091248
0.0117	0.48	-0.0766623
0.0117	0.49	-0.0679009
0.0117	0.5	-0.0649801
0.0117	0.51	-0.0679009
0.0117	0.52	-0.0766623
0.0117	0.53	-0.091248
0.0117	0.54	-0.111587
0.0117	0.55	-0.137496
0.0117	0.56	-0.168609
0.0117	0.57	-0.204313
0.0117	0.58	-0.243697
0.0117	0.59	-0.285526
0.0117	0.6	-0.328259
0.0117	0.61	-0.370099
0.0117	0.62	-0.409095
0.0117	0.63	-0.443271
0.0117	0.64	-0.470783
0.0117	0.65	-0.490073
0.0117	0.66	-0.500012
0.0117	0.67	-0.500006
0.0117	0.68	-0.490053
0.0117	0.69	-0.470741
0.0117	0.7	-0.443192
0.0117	0.71	-0.408953
0.0117	0.72	-0.369849
0.0117	0.73	-0.327828
0.0117	0.74	-0.284799
0.0117	0.75	-0.242494
0.0117	0.76	-0.202364
0.0117	0.77	-0.165515
0.0117	0.78	-0.132682
0.0117	0.79	-0.104246
0.0117	0.8	-0.0802739
0.0117	0.81	-0.0605845
0.0117	0.82	-0.0448147
0.0117	0.83	-0.03249
0.0117	0.84	-0.0230862
0.0117	0.85	-0.0160777
0.0117	0.86	-0.0109741
0.0117	0.87	-0.00734152
0.0117	0.88	-0.00481365
0.0117	0.89	-0.0030934
0.0117	0.9	-0.00194836
0.0117	0.91	-0.00120274
0.0117	0.92	-0.000727688
0.0117	0.93	-0.000431491
0.0117	0.94	-0.000250725
0.0117	0.95	-0.000142696
0.0117	0.96	-7.9398e-05
0.0117	0.97	-4.28781e-05
0.0117	0.98	-2.18242e-05
0.0117	0.99	-9.10358e-06
0.0117	1	0


0.0122	0	0
0.0122	0.01	-0.000171039
0.0122	0.02	-0.000387879
0.0122	0.03	-0.000704295
0.0122	0.04	-0.00119045
0.0122	0.05	-0.00194202
0.0122	0.06	-0.0030902
0.0122	0.07	-0.00481207
0.0122	0.08	-0.00734076
0.0122	0.09	-0.0109738
0.0122	0.1	-0.0160776
0.0122	0.11	-0.0230861
0.0122	0.12	-0.03249
0.0122	0.13	-0.0448147
0.0122	0.14	-0.0605845
0.0122	0.15	-0.0802739
0.0122	0.16	-0.104246
0.0122	0.17	-0.132682
0.0122	0.18	-0.165515
0.0122	0.19	-0.202364
0.0122	0.2	-0.242494
0.0122	0.21	-0.284799
0.0122	0.22	-0.327828
0.0122	0.23	-0.369849
0.0122	0.24	-0.408952
0.0122	0.25	-0.443192
0.0122	0.26	-0.47074
0.0122	0.27	-0.49005
0.0122	0.28	-0.5
0.0122	0.29	-0.5
0.0122	0.3	-0.49005
0.0122	0.31	-0.47074
0.0122	0.32	-0.443192
0.0122	0.33	-0.408952
0.0122	0.34	-0.369849
0.0122	0.35	-0.327829
0.0122	0.36	-0.2848
0.0122	0.37	-0.242497
0.0122	0.38	-0.202371
0.0122	0.39	-0.165527
0.0122	0.4	-0.132706
0.0122	0.41	-0.104289
0.0122	0.42	-0.0803537
0.0122	0.43	-0.0607274
0.0122	0.44	-0.0450655
0.0122	0.45	-0.0329216
0.0122	0.46	-0.0238139
0.0122	0.47	-0.0172805
0.0122	0.48	-0.0129225
0.0122	0.49	-0.0104349
0.0122	0.5	-0.00962731
0.0122	0.51	-0.0104349
0.0122	0.52	-0.0129225
0.0122	0.53	-0.0172805
0.0122	0.54	-0.0238139
0.0122	0.55	-0.0329216
0.0122	0.56	-0.0450655
0.0122	0.57	-0.0607274
0.0122	0.58	-0.0803537
0.0122	0.59	-0.104289
0.0122	0.6	-0.132706
0.0122	0.61	-0.165527
0.0122	0.62	-0.202371
0.0122	0.63	-0.242497
0.0122	0.64	-0.2848
0.0122	0.65	-0.327829
0.0122	0.66	-0.369849
0.0122	0.67	-0.408952
0.0122	0.68	-0.443192
0.0122	0.69	-0.47074
0.0122	0.7	-0.49005
0.0122	0.71	-0.5
0.0122	0.72	-0.5
0.0122	0.73	-0.49005
0.0122	0.74	-0.47074
0.0122	0.75	-0.443192
0.0122	0.76	-0.408952
0.0122	0.77	-0.369849
0.0122	0.78	-0.327828
0.0122	0.79	-0.284799
0.0122	0.8	-0.242494
0.0122	0.81	-0.202364
0.0122	0.82	-0.165515
0.0122	0.83	-0.132682
0.0122	0.84	-0.104246
0.0122	0.85	-0.0802739
0.0122	0.86	-0.0605845
0.0122	0.87	-0.0448147
0.0122	0.88	-0.03249
0.0122	0.89	-0.0230861
0.0122	0.9	-0.0160776
0.0122	0.91	-0.0109738
0.0122	0.92	-0.00734076
0.0122	0.93	-0.00481207
0.0122	0.94	-0.0030902
0.0122	0.95	-0.00194202
0.0122	0.96	-0.00119045
0.0122	0.97	-0.000704295
0.0122	0.98	-0.000387879
0.0122	0.99	-0.000171039
0.0122	1	0


0.0127	0	0
0.0127	0.01	-0.00189065
0.0127	0.02	-0.00408595
0.0127	0.03	-0.00691
0.0127	0.04	-0.0107233
0.0127	0.05	-0.0159349
0.0127	0.06	-0.0230064
0.0127	0.07	-0.0324464
0.0127	0.08	-0.0447913
0.0127	0.09	-0.0605722
0.0127	0.1	-0.0802675
0.0127	0.11	-0.104242
0.0127	0.12	-0.132681
0.0127	0.13	-0.165514
0.0127	0.14	-0.202364
0.0127	0.15	-0.242494
0.0127	0.16	-0.284799
0.0127	0.17	-0.327828
0.0127	0.18	-0.369849
0.0127	0.19	-0.408952
0.0127	0.2	-0.443192
0.0127	0.21	-0.47074
0.0127	0.22	-0.49005
0.0127	0.23	-0.5
0.0127	0.24	-0.5
0.0127	0.25	-0.49005
0.0127	0.26	-0.47074
0.0127	0.27	-0.443192
0.0127	0.28	-0.408952
0.0127	0.29	-0.369849
0.0127	0.3	-0.327828
0.0127	0.31	-0.284799
0.0127	0.32	-0.242494
0.0127	0.33	-0.202364
0.0127	0.34	-0.165515
0.0127	0.35	-0.132682
0.0127	0.36	-0.104246
0.0127	0.37	-0.080274
0.0127	0.38	-0.0605847
0.0127	0.39	-0.0448151
0.0127	0.4	-0.0324908
0.0127	0.41	-0.0230877
0.0127	0.42	-0.0160809
0.0127	0.43	-0.0109805
0.0127	0.44	-0.00735383
0.0127	0.45	-0.00483706
0.0127	0.46	-0.00313705
0.0127	0.47	-0.00202812
0.0127	0.48	-0.00134562
0.0127	0.49	-0.000978506
0.0127	0.5	-0.000863051
0.0127	0.51	-0.000978506
0.0127	0.52	-0.00134562
0.0127	0.53	-0.00202812
0.0127	0.54	-0.00313705
0.0127	0.55	-0.00483706
0.0127	0.56	-0.00735383
0.0127	0.57	-0.0109805
0.0127	0.58	-0.0160809
0.0127	0.59	-0.0230877
0.0127	0.6	-0.0324908
0.0127	0.61	-0.0448151
0.0127	0.62	-0.0605847
0.0127	0.63	-0.080274
0.0127	0.64	-0.104246
0.0127	0.65	-0.132682
0.0127	0.66	-0.165515
0.0127	0.67	-0.202364
0.0127	0.68	-0.242494
0.0127	0.69	-0.284799
0.0127	0.7	-0.327828
0.0127	0.71	-0.369849
0.0127	0.72	-0.408952
0.0127	0.73	-0.443192
0.0127	0.74	-0.47074
0.0127	0.75	-0.49005
0.0127	0.76	-0.5
0.0127	0.77	-0.5
0.0127	0.78	-0.49005
0.0127	0.79	-0.47074
0.0127	0.8	-0.443192
0.0127	0.81	-0.408952
0.0127	0.82	-0.369849
0.0127	0.83	-0.327828
0.0127	0.84	-0.284799
0.0127	0.85	-0.242494
0.0127	0.86	-0.202364
0.0127	0.87	-0.165514
0.0127	0.88	-0.132681
0.0127	0.89	-0.104242
0.0127	0.9	-0.0802675
0.0127	0.91	-0.0605722
0.0127	0.92	-0.0447913
0.0127	0.93	-0.0324464
0.0127	0.94	-0.0230064
0.0127	0.95	-0.0159349
0.0127	0.96	-0.0107233
0.0127	0.97	-0.00691
0.0127	0.98	-0.00408595
0.0127	0.99	-0.00189065
0.0127	1	0


0.0132	0	0
0.0132	0.01	-0.012112
0.0132	0.02	-0.0251485
0.0132	0.03	-0.040001
0.0132	0.04	-0.0574911
0.0132	0.05	-0.0783255
0.0132	0.06	-0.103043
0.0132	0.07	-0.131954
0.0132	0.08	-0.165084
0.0132	0.09	-0.202113
0.0132	0.1	-0.242351
0.0132	0.11	-0.284719
0.0132	0.12	-0.327784
0.0132	0.13	-0.369825
0.0132	0.14	-0.40894
0.0132	0.15	-0.443185
0.0132	0.16	-0.470736
0.0132	0.17	-0.490048
0.0132	0.18	-0.499999
0.0132	0.19	-0.5
0.0132	0.2	-0.49005
0.0132	0.21	-0.47074
0.0132	0.22	-0.443192
0.0132	0.23	-0.408952
0.0132	0.24	-0.369849
0.0132	0.25	-0.327828
0.0132	0.26	-0.284799
0.0132	0.27	-0.242494
0.0132	0.28	-0.202364
0.0132	0.29	-0.165515
0.0132	0.3	-0.132682
0.0132	0.31	-0.104246
0.0132	0.32	-0.0802739
0.0132	0.33	-0.0605845
0.0132	0.34	-0.0448147
0.0132	0.35	-0.03249
0.0132	0.36	-0.0230862
0.0132	0.37	-0.0160777
0.0132	0.38	-0.0109741
0.0132	0.39	-0.00734153
0.0132	0.4	-0.00481367
0.0132	0.41	-0.00309343
0.0132	0.42	-0.00194844
0.0132	0.43	-0.00120292
0.0132	0.44	-0.000728069
0.0132	0.45	-0.000432294
0.0132	0.46	-0.000252387
0.0132	0.47	-0.000146068
0.0132	0.48	-8.61025e-05
0.0132	0.49	-5.5951e-05
0.0132	0.5	-4.68166e-05
0.0132	0.51	-5.5951e-05
0.0132	0.52	-8.61025e-05
0.0132	0.53	-0.000146068
0.0132	0.54	-0.000252387
0.0132	0.55	-0.000432294
0.0132	0.56	-0.000728069
0.0132	0.57	-0.00120292
0.0132	0.58	-0.00194844
0.0132	0.59	-0.00309343
0.0132	0.6	-0.00481367
0.0132	0.61	-0.00734153
0.0132	0.62	-0.0109741
0.0132	0.63	-0.0160777
0.0132	0.64	-0.0230862
0.0132	0.65	-0.03249
0.0132	0.66	-0.0448147
0.0132	0.67	-0.0605845
0.0132	0.68	-0.0802739
0.0132	0.69	-0.104246
0.0132	0.7	-0.132682
0.0132	0.71	-0.165515
0.0132	0.72	-0.202364
0.0132	0.73	-0.242494
0.0132	0.74	-0.284799
0.0132	0.75	-0.327828
0.0132	0.76	-0.369849
0.0132	0.77	-0.408952
0.0132	0.78	-0.443192
0.0132	0.79	-0.47074
0.0132	0.8	-0.49005
0.0132	0.81	-0.5
0.0132	0.82	-0.499999
0.0132	0.83	-0.490048
0.0132	0.84	-0.470736
0.0132	0.85	-0.443185
0.0132	0.86	-0.40894
0.0132	0.87	-0.369825
0.0132	0.88	-0.327784
0.0132	0.89	-0.284719
0.0132	0.9	-0.242351
0.0132	0.91	-0.202113
0.0132	0.92	-0.165084
0.0132	0.93	-0.131954
0.0132	0.94	-0.103043
0.0132	0.95	-0.0783255
0.0132	0.96	-0.0574911
0.0132	0.97	-0.040001
0.0132	0.98	-0.0251485
0.0132	0.99	-0.012112
0.0132	1	0


0.0137	0	0
0.0137	0.01	-0.0436611
0.0137	0.02	-0.0878674
0.0137	0.03	-0.133025
0.0137	0.04	-0.179278
0.0137	0.05	-0.226416
0.0137	0.06	-0.273825
0.0137	0.07	-0.320486
0.0137	0.08	-0.365035
0.0137	0.09	-0.405859
0.0137	0.1	-0.441243
0.0137	0.11	-0.469537
0.0137	0.12	-0.489322
0.0137	0.13	-0.499568
0.0137	0.14	-0.499749
0.0137	0.15	-0.489907
0.0137	0.16	-0.47066
0.0137	0.17	-0.443148
0.0137	0.18	-0.408929
0.0137	0.19	-0.369836
0.0137	0.2	-0.327821
0.0137	0.21	-0.284795
0.0137	0.22	-0.242492
0.0137	0.23	-0.202364
0.0137	0.24	-0.165515
0.0137	0.25	-0.132682
0.0137	0.26	-0.104246
0.0137	0.27	-0.0802739
0.0137	0.28	-0.0605845
0.0137	0.29	-0.0448147
0.0137	0.3	-0.03249
0.0137	0.31	-0.0230862
0.0137	0.32	-0.0160777
0.0137	0.33	-0.0109741
0.0137	0.34	-0.00734152
0.0137	0.35	-0.00481365
0.0137	0.36	-0.0030934
0.0137	0.37	-0.00194836
0.0137	0.38	-0.00120275
0.0137	0.39	-0.000727704
0.0137	0.4	-0.000431526
0.0137	0.41	-0.000250803
0.0137	0.42	-0.000142868
0.0137	0.43	-7.97661e-05
0.0137	0.44	-4.36531e-05
0.0137	0.45	-2.34236e-05
0.0137	0.46	-1.23393e-05
0.0137	0.47	-6.41695e-06
0.0137	0.48	-3.37118e-06
0.0137	0.49	-1.94948e-06
0.0137	0.5	-1.53683e-06
0.0137	0.51	-1.94948e-06
0.0137	0.52	-3.37118e-06
0.0137	0.53	-6.41695e-06
0.0137	0.54	-1.23393e-05
0.0137	0.55	-2.34236e-05
0.0137	0.56	-4.36531e-05
0.0137	0.57	-7.97661e-05
0.0137	0.58	-0.000142868
0.0137	0.59	-0.000250803
0.0137	0.6	-0.000431526
0.0137	0.61	-0.000727704
0.0137	0.62	-0.00120275
0.0137	0.63	-0.00194836
0.0137	0.64	-0.0030934
0.0137	0.65	-0.00481365
0.0137	0.66	-0.00734152
0.0137	0.67	-0.0109741
0.0137	0.68	-0.0160777
0.0137	0.69	-0.0230862
0.0137	0.7	-0.03249
0.0137	0.71	-0.0448147
0.0137	0.72	-0.0605845
0.0137	0.73	-0.0802739
0.0137	0.74	-0.104246
0.0137	0.75	-0.132682
0.0137	0.76	-0.165515
0.0137	0.77	-0.202364
0.0137	0.78	-0.242492
0.0137	0.79	-0.284795
0.0137	0.8	-0.327821
0.0137	0.81	-0.369836
0.0137	0.82	-0.408929
0.0137	0.83	-0.443148
0.0137	0.84	-0.47066
0.0137	0.85	-0.489907
0.0137	0.86	-0.499749
0.0137	0.87	-0.499568
0.0137	0.88	-0.489322
0.0137	0.89	-0.469537
0.0137	0.9	-0.441243
0.0137	0.91	-0.405859
0.0137	0.92	-0.365035
0.0137	0.93	-0.320486
0.0137	0.94	-0.273825
0.0137	0.95	-0.226416
0.0137	0.96	-0.179278
0.0137	0.97	-0.133025
0.0137	0.98	-0.0878674
0.0137	0.99	-0.0436611
0.0137	1	0


0.0142	0	0
0.0142	0.01	-0.0824344
0.0142	0.02	-0.162313
0.0142	0.03	-0.237166
0.0142	0.04	-0.304707
0.0142	0.05	-0.362918
0.0142	0.06	-0.410155
0.0142	0.07	-0.445235
0.0142	0.08	-0.46751
0.0142	0.09	-0.476914
0.0142	0.1	-0.473972
0.0142	0.11	-0.459765
0.0142	0.12	-0.43585
0.0142	0.13	-0.404139
0.0142	0.14	-0.366755
0.0142	0.15	-0.325879
0.0142	0.16	-0.283596
0.0142	0.17	-0.241766
0.0142	0.18	-0.201933
0.0142	0.19	-0.165264
0.0142	0.2	-0.132539
0.0142	0.21	-0.104166
0.0142	0.22	-0.0802302
0.0142	0.23	-0.0605611
0.0142	0.24	-0.0448024
0.0142	0.25	-0.0324837
0.0142	0.26	-0.023083
0.0142	0.27	-0.0160761
0.0142	0.28	-0.0109733
0.0142	0.29	-0.00734116
0.0142	0.3	-0.00481348
0.0142	0.31	-0.00309332
0.0142	0.32	-0.00194833
0.0142	0.33	-0.00120274
0.0142	0.34	-0.000727697
0.0142	0.35	-0.000431523
0.0142	0.36	-0.000250801
0.0142	0.37	-0.000142866
0.0142	0.38	-7.97631e-05
0.0142	0.39	-4.36464e-05
0.0142	0.4	-2.34083e-05
0.0142	0.41	-1.23045e-05
0.0142	0.42	-6.33922e-06
0.0142	0.43	-3.20098e-06
0.0142	0.44	-1.58423e-06
0.0142	0.45	-7.68597e-07
0.0142	0.46	-3.65776e-07
0.0142	0.47	-1.71364e-07
0.0142	0.48	-8.05049e-08
0.0142	0.49	-4.13606e-08
0.0142	0.5	-3.05312e-08
0.0142	0.51	-4.13606e-08
0.0142	0.52	-8.05049e-08
0.0142	0.53	-1.71364e-07
0.0142	0.54	-3.65776e-07
0.0142	0.55	-7.68597e-07
0.0142	0.56	-1.58423e-06
0.0142	0.57	-3.20098e-06
0.0142	0.58	-6.33922e-06
0.0142	0.59	-1.23045e-05
0.0142	0.6	-2.34083e-05
0.0142	0.61	-4.36464e-05
0.0142	0.62	-7.97631e-05
0.0142	0.63	-0.000142866
0.0142	0.64	-0.000250801
0.0142	0.65	-0.000431523
0.0142	0.66	-0.000727697
0.0142	0.67	-0.00120274
0.0142	0.68	-0.00194833
0.0142	0.69	-0.00309332
0.0142	0.7	-0.00481348
0.0142	0.71	-0.00734116
0.0142	0.72	-0.0109733
0.0142	0.73	-0.0160761
0.0142	0.74	-0.023083
0.0142	0.75	-0.0324837
0.0142	0.76	-0.0448024
0.0142	0.77	-0.0605611
0.0142	0.78	-0.0802302
0.0142	0.79	-0.104166
0.0142	0.8	-0.132539
0.0142	0.81	-0.165264
0.0142	0.82	-0.201933
0.0142	0.83	-0.241766
0.0142	0.84	-0.283596
0.0142	0.85	-0.325879
0.0142	0.86	-0.366755
0.0142	0.87	-0.404139
0.0142	0.88	-0.43585
0.0142	0.89	-0.459765
0.0142	0.9	-0.473972
0.0142	0.91	-0.476914
0.0142	0.92	-0.46751
0.0142	0.93	-0.445235
0.0142	0.94	-0.410155
0.0142	0.95	-0.362918
0.0142	0.96	-0.304707
0.0142	0.97	-0.237166
0.0142	0.98	-0.162313
0.0142	0.99	-0.0824344
0.0142	1	0


0.0147	0	0
0.0147	0.01	-0.0617874
0.0147	0.02	-0.120201
0.0147	0.03	-0.172172
0.0147	0.04	-0.215201
0.0147	0.05	-0.247556
0.0147	0.06	-0.268375
0.0147	0.07	-0.277676
0.0147	0.08	-0.27627
0.0147	0.09	-0.265603
0.0147	0.1	-0.247554
0.0147	0.11	-0.224214
0.0147	0.12	-0.197679
0.0147	0.13	-0.169874
0.0147	0.14	-0.142429
0.0147	0.15	-0.116604
0.0147	0.16	-0.0932715
0.0147	0.17	-0.0729324
0.0147	0.18	-0.0557709
0.0147	0.19	-0.0417213
0.0147	0.2	-0.0305417
0.0147	0.21	-0.0218834
0.0147	0.22	-0.01535
0.0147	0.23	-0.0105426
0.0147	0.24	-0.00709072
0.0147	0.25	-0.00467079
0.0147	0.26	-0.00301364
0.0147	0.27	-0.00190471
0.0147	0.28	-0.00117934
0.0147	0.29	-0.000715399
0.0147	0.3	-0.000425186
0.0147	0.31	-0.000247602
0.0147	0.32	-0.000141282
0.0147	0.33	-7.89949e-05
0.0147	0.34	-4.32812e-05
0.0147	0.35	-2.32381e-05
0.0147	0.36	-1.22268e-05
0.0147	0.37	-6.30441e-06
0.0147	0.38	-3.18569e-06
0.0147	0.39	-1.5776e-06
0.0147	0.4	-7.65647e-07
0.0147	0.41	-3.64171e-07
0.0147	0.42	-1.69758e-07
0.0147	0.43	-7.7555e-08
0.0147	0.44	-3.47252e-08
0.0147	0.45	-1.52384e-08
0.0147	0.46	-6.56771e-09
0.0147	0.47	-2.77647e-09
0.0147	0.48	-1.16985e-09
0.0147	0.49	-5.33975e-10
0.0147	0.5	-3.67105e-10
0.0147	0.51	-5.33975e-10
0.0147	0.52	-1.16985e-09
0.0147	0.53	-2.77647e-09
0.0147	0.54	-6.56771e-09
0.0147	0.55	-1.52384e-08
0.0147	0.56	-3.47252e-08
0.0147	0.57	-7.7555e-08
0.0147	0.58	-1.69758e-07
0.0147	0.59	-3.64171e-07
0.0147	0.6	-7.65647e-07
0.0147	0.61	-1.5776e-06
0.0147	0.62	-3.18569e-06
0.0147	0.63	-6.30441e-06
0.0147	0.64	-1.22268e-05
0.0147	0.65	-2.32381e-05
0.0147	0.66	-4.32812e-05
0.0147	0.67	-7.89949e-05
0.0147	0.68	-0.000141282
0.0147	0.69	-0.000247602
0.0147	0.7	-0.000425186
0.0147	0.71	-0.000715399
0.0147	0.72	-0.00117934
0.0147	0.73	-0.00190471
0.0147	0.74	-0.00301364
0.0147	0.75	-0.00467079
0.0147	0.76	-0.00709072
0.0147	0.77	-0.0105426
0.0147	0.78	-0.01535
0.0147	0.79	-0.0218834
0.0147	0.8	-0.0305417
0.0147	0.81	-0.0417213
0.0147	0.82	-0.0557709
0.0147	0.83	-0.0729324
0.0147	0.84	-0.0932715
0.0147	0.85	-0.116604
0.0147	0.86	-0.142429
0.0147	0.87	-0.169874
0.0147	0.88	-0.197679
0.0147	0.89	-0.224214
0.0147	0.9	-0.247554
0.0147	0.91	-0.265603
0.0147	0.92	-0.27627
0.0147	0.93	-0.277676
0.0147	0.94	-0.268375
0.0147	0.95	-0.247556
0.0147	0.96	-0.215201
0.0147	0.97	-0.172172
0.0147	0.98	-0.120201
0.0147	0.99	-0.0617874
0.0147	1	0


0.0152	0	0
0.0152	0.01	0.0292604
0.0152	0.02	0.0568084
0.0152	0.03	0.0810976
0.0152	0.04	0.100891
0.0152	0.05	0.115364
0.0152	0.06	0.124154
0.0152	0.07	0.127355
0.0152	0.08	0.125463
0.0152	0.09	0.119283
0.0152	0.1	0.109812
0.0152	0.11	0.0981186
0.0152	0.12	0.0852413
0.0152	0.13	0.0720976
0.0152	0.14	0.0594309
0.0152	0.15	0.0477838
0.0152	0.16	0.0374984
0.0152	0.17	0.028737
0.0152	0.18	0.0215159
0.0152	0.19	0.0157446
0.0152	0.2	0.0112641
0.0152	0.21	0.00788072
0.0152	0.22	0.00539316
0.0152	0.23	0.0036109
0.0152	0.24	0.0023657
0.0152	0.25	0.00151684
0.0152	0.26	0.000951948
0.0152	0.27	0.000584837
0.0152	0.28	0.000351762
0.0152	0.29	0.000207156
0.0152	0.3	0.000119458
0.0152	0.31	6.74588e-05
0.0152	0.32	3.73073e-05
0.0152	0.33	2.02074e-05
0.0152	0.34	1.07204e-05
0.0152	0.35	5.57079e-06
0.0152	0.36	2.83564e-06
0.0152	0.37	1.41394e-06
0.0152	0.38	6.90675e-07
0.0152	0.39	3.30517e-07
0.0152	0.4	1.54955e-07
0.0152	0.41	7.11746e-08
0.0152	0.42	3.20303e-08
0.0152	0.43	1.4123e-08
0.0152	0.44	6.1014e-09
0.0152	0.45	2.58275e-09
0.0152	0.46	1.07125e-09
0.0152	0.47	4.35381e-10
0.0152	0.48	1.73388e-10
0.0152	0.49	6.76641e-11
0.0152	0.5	5.44207e-11
0.0152	0.51	6.76642e-11
0.0152	0.52	1.73388e-10
0.0152	0.53	4.35381e-10
0.0152	0.54	1.07125e-09
0.0152	0.55	2.58275e-09
0.0152	0.56	6.1014e-09
0.0152	0.57	1.4123e-08
0.0152	0.58	3.20303e-08
0.0152	0.59	7.11746e-08
0.0152	0.6	1.54955e-07
0.0152	0.61	3.30517e-07
0.0152	0.62	6.90675e-07
0.0152	0.63	1.41394e-06
0.0152	0.64	2.83564e-06
0.0152	0.65	5.57079e-06
0.0152	0.66	1.07204e-05
0.0152	0.67	2.02074e-05
0.0152	0.68	3.73073e-05
0.0152	0.69	6.74588e-05
0.0152	0.7	0.000119458
0.0152	0.71	0.000207156
0.0152	0.72	0.000351762
0.0152	0.73	0.000584837
0.0152	0.74	0.000951948
0.0152	0.75	0.00151684
0.0152	0.76	0.0023657
0.0152	0.77	0.0036109
0.0152	0.78	0.00539316
0.0152	0.79	0.00788072
0.0152	0.8	0.0112641
0.0152	0.81	0.0157446
0.0152	0.82	0.0215159
0.0152	0.83	0.028737
0.0152	0.84	0.0374984
0.0152	0.85	0.0477838
0.0152	0.86	0.0594309
0.0152	0.87	0.0720976
0.0152	0.88	0.0852413
0.0152	0.89	0.0981186
0.0152	0.9	0.109812
0.0152	0.91	0.119283
0.0152	0.92	0.125463
0.0152	0.93	0.127355
0.0152	0.94	0.124154
0.0152	0.95	0.115364
0.0152	0.96	0.100891
0.0152	0.97	0.0810976
0.0152	0.98	0.0568084
0.0152	0.99	0.0292604
0.0152	1	0


0.0157	0	0
0.0157	0.01	0.0850499
0.0157	0.02	0.166458
0.0157	0.03	0.240827
0.0157	0.04	0.305224
0.0157	0.05	0.357368
0.0157	0.06	0.395754
0.0157	0.07	0.419726
0.0157	0.08	0.429465
0.0157	0.09	0.425925
0.0157	0.1	0.410702
0.0157	0.11	0.385866
0.0157	0.12	0.353771
0.0157	0.13	0.316854
0.0157	0.14	0.277457
0.0157	0.15	0.23768
0.0157	0.16	0.199271
0.0157	0.17	0.163567
0.0157	0.18	0.131479
0.0157	0.19	0.103518
0.0157	0.2	0.0798424
0.0157	0.21	0.0603337
0.0157	0.22	0.0446718
0.0157	0.23	0.0324103
0.0157	0.24	0.0230425
0.0157	0.25	0.0160543
0.0157	0.26	0.0109618
0.0157	0.27	0.00733518
0.0157	0.28	0.00481045
0.0157	0.29	0.00309182
0.0157	0.3	0.00194759
0.0157	0.31	0.00120239
0.0157	0.32	0.000727533
0.0157	0.33	0.000431448
0.0157	0.34	0.000250768
0.0157	0.35	0.000142851
0.0157	0.36	7.97567e-05
0.0157	0.37	4.36437e-05
0.0157	0.38	2.34072e-05
0.0157	0.39	1.23041e-05
0.0157	0.4	6.33902e-06
0.0157	0.41	3.20088e-06
0.0157	0.42	1.58413e-06
0.0157	0.43	7.68403e-07
0.0157	0.44	3.6531e-07
0.0157	0.45	1.70248e-07
0.0157	0.46	7.781e-08
0.0157	0.47	3.49801e-08
0.0157	0.48	1.57282e-08
0.0157	0.49	7.70663e-09
0.0157	0.5	5.5326e-09
0.0157	0.51	7.70663e-09
0.0157	0.52	1.57282e-08
0.0157	0.53	3.49801e-08
0.0157	0.54	7.781e-08
0.0157	0.55	1.70248e-07
0.0157	0.56	3.6531e-07
0.0157	0.57	7.68403e-07
0.0157	0.58	1.58413e-06
0.0157	0.59	3.20088e-06
0.0157	0.6	6.33902e-06
0.0157	0.61	1.23041e-05
0.0157	0.62	2.34072e-05
0.0157	0.63	4.36437e-05
0.0157	0.64	7.97567e-05
0.0157	0.65	0.000142851
0.0157	0.66	0.000250768
0.0157	0.67	0.000431448
0.0157	0.68	0.000727533
0.0157	0.69	0.00120239
0.0157	0.7	0.00194759
0.0157	0.71	0.00309182
0.0157	0.72	0.00481045
0.0157	0.73	0.00733518
0.0157	0.74	0.0109618
0.0157	0.75	0.0160543
0.0157	0.76	0.0230425
0.0157	0.77	0.0324103
0.0157	0.78	0.0446718
0.0157	0.79	0.0603337
0.0157	0.8	0.0798424
0.0157	0.81	0.103518
0.0157	0.82	0.131479
0.0157	0.83	0.163567
0.0157	0.84	0.199271
0.0157	0.85	0.23768
0.0157	0.86	0.277457
0.0157	0.87	0.316854
0.0157	0.88	0.353771
0.0157	0.89	0.385866
0.0157	0.9	0.410702
0.0157	0.91	0.425925
0.0157	0.92	0.429465
0.0157	0.93	0.419726
0.0157	0.94	0.395754
0.0157	0.95	0.357368
0.0157	0.96	0.305224
0.0157	0.97	0.240827
0.0157	0.98	0.166458
0.0157	0.99	0.0850499
0.0157	1	0


0.0162	0	0
0.0162	0.01	0.0612695
0.0162	0.02	0.12209
0.0162	0.03	0.181909
0.0162	0.04	0.239984
0.0162	0.05	0.295338
0.0162	0.06	0.346762
0.0162	0.07	0.392874
0.0162	0.08	0.432217
0.0162	0.09	0.463398
0.0162	0.1	0.485236
0.0162	0.11	0.496907
0.0162	0.12	0.498052
0.0162	0.13	0.488847
0.0162	0.14	0.470012
0.0162	0.15	0.44276
0.0162	0.16	0.408701
0.0162	0.17	0.369706
0.0162	0.18	0.327748
0.0162	0.19	0.284755
0.0162	0.2	0.24247
0.0162	0.21	0.202352
0.0162	0.22	0.165509
0.0162	0.23	0.132679
0.0162	0.24	0.104244
0.0162	0.25	0.0802731
0.0162	0.26	0.0605842
0.0162	0.27	0.0448145
0.0162	0.28	0.03249
0.0162	0.29	0.0230861
0.0162	0.3	0.0160777
0.0162	0.31	0.0109741
0.0162	0.32	0.00734152
0.0162	0.33	0.00481365
0.0162	0.34	0.0030934
0.0162	0.35	0.00194836
0.0162	0.36	0.00120275
0.0162	0.37	0.000727704
0.0162	0.38	0.000431526
0.0162	0.39	0.000250802
0.0162	0.4	0.000142867
0.0162	0.41	7.97634e-05
0.0162	0.42	4.36467e-05
0.0162	0.43	2.34088e-05
0.0162	0.44	1.23057e-05
0.0162	0.45	6.34197e-06
0.0162	0.46	3.20752e-06
0.0162	0.47	1.59943e-06
0.0162	0.48	8.0321e-07
0.0162	0.49	4.43052e-07
0.0162	0.5	3.40442e-07
0.0162	0.51	4.43052e-07
0.0162	0.52	8.0321e-07
0.0162	0.53	1.59943e-06
0.0162	0.54	3.20752e-06
0.0162	0.55	6.34197e-06
0.0162	0.56	1.23057e-05
0.0162	0.57	2.34088e-05
0.0162	0.58	4.36467e-05
0.0162	0.59	7.97634e-05
0.0162	0.6	0.000142867
0.0162	0.61	0.000250802
0.0162	0.62	0.000431526
0.0162	0.63	0.000727704
0.0162	0.64	0.00120275
0.0162	0.65	0.00194836
0.0162	0.66	0.0030934
0.0162	0.67	0.00481365
0.0162	0.68	0.00734152
0.0162	0.69	0.0109741
0.0162	0.7	0.0160777
0.0162	0.71	0.0230861
0.0162	0.72	0.03249
0.0162	0.73	0.0448145
0.0162	0.74	0.0605842
0.0162	0.75	0.0802731
0.0162	0.76	0.104244
0.0162	0.77	0.132679
0.0162	0.78	0.165509
0.0162	0.79	0.202352
0.0162	0.8	0.24247
0.0162	0.81	0.284755
0.0162	0.82	0.327748
0.0162	0.83	0.369706
0.0162	0.84	0.408701
0.0162	0.85	0.44276
0.0162	0.86	0.470012
0.0162	0.87	0.488847
0.0162	0.88	0.498052
0.0162	0.89	0.496907
0.0162	0.9	0.485236
0.0162	0.91	0.463398
0.0162	0.92	0.432217
0.0162	0.93	0.392874
0.0162	0.94	0.346762
0.0162	0.95	0.295338
0.0162	0.96	0.239984
0.0162	0.97	0.181909
0.0162	0.98	0.12209
0.0162	0.99	0.0612695
0.0162	1	0


0.0167	0	0
0.0167	0.01	0.0217285
0.0167	0.02	0.0445068
0.0167	0.03	0.0692998
0.0167	0.04	0.0969041
0.0167	0.05	0.127868
0.0167	0.06	0.162422
0.0167	0.07	0.200416
0.0167	0.08	0.241291
0.0167	0.09	0.284071
0.0167	0.1	0.327396
0.0167	0.11	0.369598
0.0167	0.12	0.408809
0.0167	0.13	0.443112
0.0167	0.14	0.470696
0.0167	0.15	0.490026
0.0167	0.16	0.499988
0.0167	0.17	0.499994
0.0167	0.18	0.490047
0.0167	0.19	0.470738
0.0167	0.2	0.443191
0.0167	0.21	0.408952
0.0167	0.22	0.369848
0.0167	0.23	0.327828
0.0167	0.24	0.284799
0.0167	0.25	0.242494
0.0167	0.26	0.202364
0.0167	0.27	0.165515
0.0167	0.28	0.132682
0.0167	0.29	0.104246
0.0167	0.3	0.0802739
0.0167	0.31	0.0605845
0.0167	0.32	0.0448147
0.0167	0.33	0.03249
0.0167	0.34	0.0230862
0.0167	0.35	0.0160777
0.0167	0.36	0.0109741
0.0167	0.37	0.00734152
0.0167	0.38	0.00481366
0.0167	0.39	0.0030934
0.0167	0.4	0.00194836
0.0167	0.41	0.00120276
0.0167	0.42	0.000727719
0.0167	0.43	0.00043156
0.0167	0.44	0.00025088
0.0167	0.45	0.000143037
0.0167	0.46	8.01286e-05
0.0167	0.47	4.44149e-05
0.0167	0.48	2.49925e-05
0.0167	0.49	1.55055e-05
0.0167	0.5	1.26784e-05
0.0167	0.51	1.55055e-05
0.0167	0.52	2.49925e-05
0.0167	0.53	4.44149e-05
0.0167	0.54	8.01286e-05
0.0167	0.55	0.000143037
0.0167	0.56	0.00025088
0.0167	0.57	0.00043156
0.0167	0.58	0.000727719
0.0167	0.59	0.00120276
0.0167	0.6	0.00194836
0.0167	0.61	0.0030934
0.0167	0.62	0.00481366
0.0167	0.63	0.00734152
0.0167	0.64	0.0109741
0.0167	0.65	0.0160777
0.0167	0.66	0.0230862
0.0167	0.67	0.03249
0.0167	0.68	0.0448147
0.0167	0.69	0.0605845
0.0167	0.7	0.0802739
0.0167	0.71	0.104246
0.0167	0.72	0.132682
0.0167	0.73	0.165515
0.0167	0.74	0.202364
0.0167	0.75	0.242494
0.0167	0.76	0.284799
0.0167	0.77	0.327828
0.0167	0.78	0.369848
0.0167	0.79	0.408952
0.0167	0.8	0.443191
0.0167	0.81	0.470738
0.0167	0.82	0.490047
0.0167	0.83	0.499994
0.0167	0.84	0.499988
0.0167	0.85	0.490026
0.0167	0.86	0.470696
0.0167	0.87	0.443112
0.0167	0.88	0.408809
0.0167	0.89	0.369598
0.0167	0.9	0.327396
0.0167	0.91	0.284071
0.0167	0.92	0.241291
0.0167	0.93	0.200416
0.0167	0.94	0.162422
0.0167	0.95	0.127868
0.0167	0.96	0.0969041
0.0167	0.97	0.0692998
0.0167	0.98	0.0445068
0.0167	0.99	0.0217285
0.0167	1	0


0.0172	0	0
0.0172	0.01	0.00424812
0.0172	0.02	0.00902575
0.0172	0.03	0.014875
0.0172	0.04	0.0223585
0.0172	0.05	0.0320585
0.0172	0.06	0.0445639
0.0172	0.07	0.0604417
0.0172	0.08	0.0801941
0.0172	0.09	0.104202
0.0172	0.1	0.132659
0.0172	0.11	0.165503
0.0172	0.12	0.202358
0.0172	0.13	0.242491
0.0172	0.14	0.284797
0.0172	0.15	0.327827
0.0172	0.16	0.369848
0.0172	0.17	0.408952
0.0172	0.18	0.443192
0.0172	0.19	0.47074
0.0172	0.2	0.49005
0.0172	0.21	0.5
0.0172	0.22	0.5
0.0172	0.23	0.49005
0.0172	0.24	0.47074
0.0172	0.25	0.443192
0.0172	0.26	0.408952
0.0172	0.27	0.369849
0.0172	0.28	0.327828
0.0172	0.29	0.284799
0.0172	0.3	0.242494
0.0172	0.31	0.202364
0.0172	0.32	0.165515
0.0172	0.33	0.132682
0.0172	0.34	0.104246
0.0172	0.35	0.0802739
0.0172	0.36	0.0605845
0.0172	0.37	0.0448147
0.0172	0.38	0.0324901
0.0172	0.39	0.0230862
0.0172	0.4	0.0160779
0.0172	0.41	0.0109745
0.0172	0.42	0.00734229
0.0172	0.43	0.00481524
0.0172	0.44	0.0030966
0.0172	0.45	0.0019547
0.0172	0.46	0.00121506
0.0172	0.47	0.000751112
0.0172	0.48	0.000475172
0.0172	0.49	0.000330566
0.0172	0.5	0.000285733
0.0172	0.51	0.000330566
0.0172	0.52	0.000475172
0.0172	0.53	0.000751112
0.0172	0.54	0.00121506
0.0172	0.55	0.0019547
0.0172	0.56	0.0030966
0.0172	0.57	0.00481524
0.0172	0.58	0.00734229
0.0172	0.59	0.0109745
0.0172	0.6	0.0160779
0.0172	0.61	0.0230862
0.0172	0.62	0.0324901
0.0172	0.63	0.0448147
0.0172	0.64	0.0605845
0.0172	0.65	0.0802739
0.0172	0.66	0.104246
0.0172	0.67	0.132682
0.0172	0.68	0.165515
0.0172	0.69	0.202364
0.0172	0.7	0.242494
0.0172	0.71	0.284799
0.0172	0.72	0.327828
0.0172	0.73	0.369849
0.0172	0.74	0.408952
0.0172	0.75	0.443192
0.0172	0.76	0.47074
0.0172	0.77	0.49005
0.0172	0.78	0.5
0.0172	0.79	0.5
0.0172	0.8	0.49005
0.0172	0.81	0.47074
0.0172	0.82	0.443192
0.0172	0.83	0.408952
0.0172	0.84	0.369848
0.0172	0.85	0.327827
0.0172	0.86	0.284797
0.0172	0.87	0.242491
0.0172	0.88	0.202358
0.0172	0.89	0.165503
0.0172	0.9	0.132659
0.0172	0.91	0.104202
0.0172	0.92	0.0801941
0.0172	0.93	0.0604417
0.0172	0.94	0.0445639
0.0172	0.95	0.0320585
0.0172	0.96	0.0223585
0.0172	0.97	0.014875
0.0172	0.98	0.00902575
0.0172	0.99	0.00424812
0.0172	1	0


0.0177	0	0
0.0177	0.01	0.000476901
0.0177	0.02	0.00105988
0.0177	0.03	0.0018686
0.0177	0.04	0.00304975
0.0177	0.05	0.00479025
0.0177	0.06	0.00732922
0.0177	0.07	0.0109678
0.0177	0.08	0.0160745
0.0177	0.09	0.0230846
0.0177	0.1	0.0324893
0.0177	0.11	0.0448143
0.0177	0.12	0.0605844
0.0177	0.13	0.0802738
0.0177	0.14	0.104246
0.0177	0.15	0.132682
0.0177	0.16	0.165515
0.0177	0.17	0.202364
0.0177	0.18	0.242494
0.0177	0.19	0.284799
0.0177	0.2	0.327828
0.0177	0.21	0.369849
0.0177	0.22	0.408952
0.0177	0.23	0.443192
0.0177	0.24	0.47074
0.0177	0.25	0.49005
0.0177	0.26	0.5
0.0177	0.27	0.5
0.0177	0.28	0.49005
0.0177	0.29	0.47074
0.0177	0.3	0.443192
0.0177	0.31	0.408952
0.0177	0.32	0.369849
0.0177	0.33	0.327828
0.0177	0.34	0.284799
0.0177	0.35	0.242494
0.0177	0.36	0.202365
0.0177	0.37	0.165516
0.0177	0.38	0.132684
0.0177	0.39	0.104249
0.0177	0.4	0.0802802
0.0177	0.41	0.0605968
0.0177	0.42	0.0448381
0.0177	0.43	0.0325337
0.0177	0.44	0.0231659
0.0177	0.45	0.0162206
0.0177	0.46	0.0112249
0.0177	0.47	0.00777305
0.0177	0.48	0.00554136
0.0177	0.49	0.00429615
0.0177	0.5	0.00389672
0.0177	0.51	0.00429615
0.0177	0.52	0.00554136
0.0177	0.53	0.00777305
0.0177	0.54	0.0112249
0.0177	0.55	0.0162206
0.0177	0.56	0.0231659
0.0177	0.57	0.0325337
0.0177	0.58	0.0448381
0.0177	0.59	0.0605968
0.0177	0.6	0.0802802
0.0177	0.61	0.104249
0.0177	0.62	0.132684
0.0177	0.63	0.165516
0.0177	0.64	0.202365
0.0177	0.65	0.242494
0.0177	0.66	0.284799
0.0177	0.67	0.327828
0.0177	0.68	0.369849
0.0177	0.69	0.408952
0.0177	0.7	0.443192
0.0177	0.71	0.47074
0.0177	0.72	0.49005
0.0177	0.73	0.5
0.0177	0.74	0.5
0.0177	0.75	0.49005
0.0177	0.76	0.47074
0.0177	0.77	0.443192
0.0177	0.78	0.408952
0.0177	0.79	0.369849
0.0177	0.8	0.327828
0.0177	0.81	0.284799
0.0177	0.82	0.242494
0.0177	0.83	0.202364
0.0177	0.84	0.165515
0.0177	0.85	0.132682
0.0177	0.86	0.104246
0.0177	0.87	0.0802738
0.0177	0.88	0.0605844
0.0177	0.89	0.0448143
0.0177	0.9	0.0324893
0.0177	0.91	0.0230846
0.0177	0.92	0.0160745
0.0177	0.93	0.0109678
0.0177	0.94	0.00732922
0.0177	0.95	0.00479025
0.0177	0.96	0.00304975
0.0177	0.97	0.0018686
0.0177	0.98	0.00105988
0.0177	0.99	0.000476901
0.0177	1	0


0.0182	0	0
0.0182	0.01	3.1342e-05
0.0182	0.02	7.34241e-05
0.0182	0.03	0.000139666
0.0182	0.04	0.000249218
0.0182	0.05	0.000430757
0.0182	0.06	0.000727338
0.0182	0.07	0.00120258
0.0182	0.08	0.00194828
0.0182	0.09	0.00309336
0.0182	0.1	0.00481364
0.0182	0.11	0.00734152
0.0182	0.12	0.0109741
0.0182	0.13	0.0160777
0.0182	0.14	0.0230862
0.0182	0.15	0.03249
0.0182	0.16	0.0448147
0.0182	0.17	0.0605845
0.0182	0.18	0.0802739
0.0182	0.19	0.104246
0.0182	0.2	0.132682
0.0182	0.21	0.165515
0.0182	0.22	0.202364
0.0182	0.23	0.242494
0.0182	0.24	0.284799
0.0182	0.25	0.327828
0.0182	0.26	0.369849
0.0182	0.27	0.408952
0.0182	0.28	0.443192
0.0182	0.29	0.47074
0.0182	0.3	0.49005
0.0182	0.31	0.5
0.0182	0.32	0.500001
0.0182	0.33	0.490051
0.0182	0.34	0.470743
0.0182	0.35	0.443198
0.0182	0.36	0.408965
0.0182	0.37	0.369872
0.0182	0.38	0.327871
0.0182	0.39	0.284878
0.0182	0.4	0.242637
0.0182	0.41	0.202615
0.0182	0.42	0.165947
0.0182	0.43	0.13341
0.0182	0.44	0.105448
0.0182	0.45	0.0822222
0.0182	0.46	0.0636779
0.0182	0.47	0.0496283
0.0182	0.48	0.0398316
0.0182	0.49	0.0340603
0.0182	0.5	0.0321555
0.0182	0.51	0.0340603
0.0182	0.52	0.0398316
0.0182	0.53	0.0496283
0.0182	0.54	0.0636779
0.0182	0.55	0.0822222
0.0182	0.56	0.105448
0.0182	0.57	0.13341
0.0182	0.58	0.165947
0.0182	0.59	0.202615
0.0182	0.6	0.242637
0.0182	0.61	0.284878
0.0182	0.62	0.327871
0.0182	0.63	0.369872
0.0182	0.64	0.408965
0.0182	0.65	0.443198
0.0182	0.66	0.470743
0.0182	0.67	0.490051
0.0182	0.68	0.500001
0.0182	0.69	0.5
0.0182	0.7	0.49005
0.0182	0.71	0.47074
0.0182	0.72	0.443192
0.0182	0.73	0.408952
0.0182	0.74	0.369849
0.0182	0.75	0.327828
0.0182	0.76	0.284799
0.0182	0.77	0.242494
0.0182	0.78	0.202364
0.0182	0.79	0.165515
0.0182	0.8	0.132682
0.0182	0.81	0.104246
0.0182	0.82	0.0802739
0.0182	0.83	0.0605845
0.0182	0.84	0.0448147
0.0182	0.85	0.03249
0.0182	0.86	0.0230862
0.0182	0.87	0.0160777
0.0182	0.88	0.0109741
0.0182	0.89	0.00734152
0.0182	0.9	0.00481364
0.0182	0.91	0.00309336
0.0182	0.92	0.00194828
0.0182	0.93	0.00120258
0.0182	0.94	0.000727338
0.0182	0.95	0.000430757
0.0182	0.96	0.000249218
0.0182	0.97	0.000139666
0.0182	0.98	7.34241e-05
0.0182	0.99	3.1342e-05
0.0182	1	0


0.0187	0	0
0.0187	0.01	1.21885e-06
0.0187	0.02	3.03073e-06
0.0187	0.03	6.26147e-06
0.0187	0.04	1.22697e-05
0.0187	0.05	2.3393e-05
0.0187	0.06	4.36399e-05
0.0187	0.07	7.97605e-05
0.0187	0.08	0.000142865
0.0187	0.09	0.000250802
0.0187	0.1	0.000431525
0.0187	0.11	0.000727704
0.0187	0.12	0.00120275
0.0187	0.13	0.00194836
0.0187	0.14	0.0030934
0.0187	0.15	0.00481365
0.0187	0.16	0.00734152
0.0187	0.17	0.0109741
0.0187	0.18	0.0160777
0.0187	0.19	0.0230862
0.0187	0.2	0.0324901
0.0187	0.21	0.0448147
0.0187	0.22	0.0605845
0.0187	0.23	0.0802739
0.0187	0.24	0.104246
0.0187	0.25	0.132682
0.0187	0.26	0.165516
0.0187	0.27	0.202365
0.0187	0.28	0.242495
0.0187	0.29	0.284802
0.0187	0.3	0.327834
0.0187	0.31	0.369861
0.0187	0.32	0.408976
0.0187	0.33	0.443235
0.0187	0.34	0.470819
0.0187	0.35	0.490193
0.0187	0.36	0.500251
0.0187	0.37	0.500432
0.0187	0.38	0.490778
0.0187	0.39	0.471942
0.0187	0.4	0.44514
0.0187	0.41	0.412046
0.0187	0.42	0.374662
0.0187	0.43	0.335169
0.0187	0.44	0.295773
0.0187	0.45	0.258572
0.0187	0.46	0.22545
0.0187	0.47	0.198005
0.0187	0.48	0.177497
0.0187	0.49	0.16483
0.0187	0.5	0.160548
0.0187	0.51	0.16483
0.0187	0.52	0.177497
0.0187	0.53	0.198005
0.0187	0.54	0.22545
0.0187	0.55	0.258572
0.0187	0.56	0.295773
0.0187	0.57	0.335169
0.0187	0.58	0.374662
0.0187	0.59	0.412046
0.0187	0.6	0.44514
0.0187	0.61	0.471942
0.0187	0.62	0.490778
0.0187	0.63	0.500432
0.0187	0.64	0.500251
0.0187	0.65	0.490193
0.0187	0.66	0.470819
0.0187	0.67	0.443235
0.0187	0.68	0.408976
0.0187	0.69	0.369861
0.0187	0.7	0.327834
0.0187	0.71	0.284802
0.0187	0.72	0.242495
0.0187	0.73	0.202365
0.0187	0.74	0.165516
0.0187	0.75	0.132682
0.0187	0.76	0.104246
0.0187	0.77	0.0802739
0.0187	0.78	0.0605845
0.0187	0.79	0.0448147
0.0187	0.8	0.0324901
0.0187	0.81	0.0230862
0.0187	0.82	0.0160777
0.0187	0.83	0.0109741
0.0187	0.84	0.00734152
0.0187	0.85	0.00481365
0.0187	0.86	0.0030934
0.0187	0.87	0.00194836
0.0187	0.88	0.00120275
0.0187	0.89	0.000727704
0.0187	0.9	0.000431525
0.0187	0.91	0.000250802
0.0187	0.92	0.000142865
0.0187	0.93	7.97605e-05
0.0187	0.94	4.36399e-05
0.0187	0.95	2.3393e-05
0.0187	0.96	1.22697e-05
0.0187	0.97	6.26147e-06
0.0187	0.98	3.03073e-06
0.0187	0.99	1.21885e-06
0.0187	1	0


0.0192	0	0
0.0192	0.01	2.82326e-08
0.0192	0.02	7.49723e-08
0.0192	0.03	1.69078e-07
0.0192	0.04	3.64851e-07
0.0192	0.05	7.6823e-07
0.0192	0.06	1.58409e-06
0.0192	0.07	3.20093e-06
0.0192	0.08	6.3392e-06
0.0192	0.09	1.23045e-05
0.0192	0.1	2.34083e-05
0.0192	0.11	4.36466e-05
0.0192	0.12	7.97635e-05
0.0192	0.13	0.000142867
0.0192	0.14	0.000250804
0.0192	0.15	0.000431528
0.0192	0.16	0.00072771
0.0192	0.17	0.00120277
0.0192	0.18	0.0019484
0.0192	0.19	0.00309348
0.0192	0.2	0.00481383
0.0192	0.21	0.00734189
0.0192	0.22	0.0109749
0.0192	0.23	0.0160793
0.0192	0.24	0.0230894
0.0192	0.25	0.0324964
0.0192	0.26	0.044827
0.0192	0.27	0.0606079
0.0192	0.28	0.0803175
0.0192	0.29	0.104325
0.0192	0.3	0.132825
0.0192	0.31	0.165766
0.0192	0.32	0.202796
0.0192	0.33	0.243221
0.0192	0.34	0.286001
0.0192	0.35	0.329776
0.0192	0.36	0.372942
0.0192	0.37	0.413766
0.0192	0.38	0.450533
0.0192	0.39	0.481714
0.0192	0.4	0.506128
0.0192	0.41	0.523086
0.0192	0.42	0.53249
0.0192	0.43	0.534865
0.0192	0.44	0.531324
0.0192	0.45	0.523465
0.0192	0.46	0.513198
0.0192	0.47	0.502531
0.0192	0.48	0.493343
0.0192	0.49	0.487163
0.0192	0.5	0.484988
0.0192	0.51	0.487163
0.0192	0.52	0.493343
0.0192	0.53	0.502531
0.0192	0.54	0.513198
0.0192	0.55	0.523465
0.0192	0.56	0.531324
0.0192	0.57	0.534865
0.0192	0.58	0.53249
0.0192	0.59	0.523086
0.0192	0.6	0.506128
0.0192	0.61	0.481714
0.0192	0.62	0.450533
0.0192	0.63	0.413766
0.0192	0.64	0.372942
0.0192	0.65	0.329776
0.0192	0.66	0.286001
0.0192	0.67	0.243221
0.0192	0.68	0.202796
0.0192	0.69	0.165766
0.0192	0.7	0.132825
0.0192	0.71	0.104325
0.0192	0.72	0.0803175
0.0192	0.73	0.0606079
0.0192	0.74	0.044827
0.0192	0.75	0.0324964
0.0192	0.76	0.0230894
0.0192	0.77	0.0160793
0.0192	0.78	0.0109749
0.0192	0.79	0.00734189
0.0192	0.8	0.00481383
0.0192	0.81	0.00309348
0.0192	0.82	0.0019484
0.0192	0.83	0.00120277
0.0192	0.84	0.00072771
0.0192	0.85	0.000431528
0.0192	0.86	0.000250804
0.0192	0.87	0.000142867
0.0192	0.88	7.97635e-05
0.0192	0.89	4.36466e-05
0.0192	0.9	2.34083e-05
0.0192	0.91	1.23045e-05
0.0192	0.92	6.3392e-06
0.0192	0.93	3.20093e-06
0.0192	0.94	1.58409e-06
0.0192	0.95	7.6823e-07
0.0192	0.96	3.64851e-07
0.0192	0.97	1.69078e-07
0.0192	0.98	7.49723e-08
0.0192	0.99	2.82326e-08
0.0192	1	0


0.0197	0	0
0.0197	0.01	3.91205e-10
0.0197	0.02	1.11543e-09
0.0197	0.03	2.75613e-09
0.0197	0.04	6.56026e-09
0.0197	0.05	1.52928e-08
0.0197	0.06	3.4868e-08
0.0197	0.07	7.79221e-08
0.0197	0.08	1.70684e-07
0.0197	0.09	3.66456e-07
0.0197	0.1	7.7118e-07
0.0197	0.11	1.59073e-06
0.0197	0.12	3.21622e-06
0.0197	0.13	6.374e-06
0.0197	0.14	1.23823e-05
0.0197	0.15	2.35785e-05
0.0197	0.16	4.40118e-05
0.0197	0.17	8.05317e-05
0.0197	0.18	0.000144451
0.0197	0.19	0.000254003
0.0197	0.2	0.000437865
0.0197	0.21	0.000740008
0.0197	0.22	0.00122616
0.0197	0.23	0.00199201
0.0197	0.24	0.00317316
0.0197	0.25	0.00495652
0.0197	0.26	0.00759233
0.0197	0.27	0.0114056
0.0197	0.28	0.0168054
0.0197	0.29	0.0242889
0.0197	0.3	0.0344384
0.0197	0.31	0.0479081
0.0197	0.32	0.0653982
0.0197	0.33	0.0876154
0.0197	0.34	0.11522
0.0197	0.35	0.14876
0.0197	0.36	0.188601
0.0197	0.37	0.234854
0.0197	0.38	0.287308
0.0197	0.39	0.345383
0.0197	0.4	0.408102
0.0197	0.41	0.474094
0.0197	0.42	0.541634
0.0197	0.43	0.608707
0.0197	0.44	0.673104
0.0197	0.45	0.732544
0.0197	0.46	0.784799
0.0197	0.47	0.827828
0.0197	0.48	0.859898
0.0197	0.49	0.879692
0.0197	0.5	0.886383
0.0197	0.51	0.879692
0.0197	0.52	0.859898
0.0197	0.53	0.827828
0.0197	0.54	0.784799
0.0197	0.55	0.732544
0.0197	0.56	0.673104
0.0197	0.57	0.608707
0.0197	0.58	0.541634
0.0197	0.59	0.474094
0.0197	0.6	0.408102
0.0197	0.61	0.345383
0.0197	0.62	0.287308
0.0197	0.63	0.234854
0.0197	0.64	0.188601
0.0197	0.65	0.14876
0.0197	0.66	0.11522
0.0197	0.67	0.0876154
0.0197	0.68	0.0653982
0.0197	0.69	0.0479081
0.0197	0.7	0.0344384
0.0197	0.71	0.0242889
0.0197	0.72	0.0168054
0.0197	0.73	0.0114056
0.0197	0.74	0.00759233
0.0197	0.75	0.00495652
0.0197	0.76	0.00317316
0.0197	0.77	0.00199201
0.0197	0.78	0.00122616
0.0197	0.79	0.000740008
0.0197	0.8	0.000437865
0.0197	0.81	0.000254003
0.0197	0.82	0.000144451
0.0197	0.83	8.05317e-05
0.0197	0.84	4.40118e-05
0.0197	0.85	2.35785e-05
0.0197	0.86	1.23823e-05
0.0197	0.87	6.374e-06
0.0197	0.88	3.21622e-06
0.0197	0.89	1.59073e-06
0.0197	0.9	7.7118e-07
0.0197	0.91	3.66456e-07
0.0197	0.92	1.70684e-07
0.0197	0.93	7.79221e-08
0.0197	0.94	3.4868e-08
0.0197	0.95	1.52928e-08
0.0197	0.96	6.56026e-09
0.0197	0.97	2.75613e-09
0.0197	0.98	1.11543e-09
0.0197	0.99	3.91205e-10
0.0197	1	0


0.0202	0	0
0.0202	0.01	7.51073e-11
0.0202	0.02	1.93719e-10
0.0202	0.03	4.898e-10
0.0202	0.04	1.21402e-09
0.0202	0.05	2.94985e-09
0.0202	0.06	7.02658e-09
0.0202	0.07	1.64082e-08
0.0202	0.08	3.75629e-08
0.0202	0.09	8.43026e-08
0.0202	0.1	1.85487e-07
0.0202	0.11	4.0011e-07
0.0202	0.12	8.46152e-07
0.0202	0.13	1.75438e-06
0.0202	0.14	3.56627e-06
0.0202	0.15	7.10762e-06
0.0202	0.16	1.38887e-05
0.0202	0.17	2.66093e-05
0.0202	0.18	4.99857e-05
0.0202	0.19	9.20678e-05
0.0202	0.2	0.000166275
0.0202	0.21	0.000294449
0.0202	0.22	0.000511289
0.0202	0.23	0.00087057
0.0202	0.24	0.00145355
0.0202	0.25	0.00237989
0.0202	0.26	0.0038211
0.0202	0.27	0.00601641
0.0202	0.28	0.00928988
0.0202	0.29	0.0140675
0.0202	0.3	0.0208914
0.0202	0.31	0.0304277
0.0202	0.32	0.0434642
0.0202	0.33	0.0608924
0.0202	0.34	0.0836707
0.0202	0.35	0.112764
0.0202	0.36	0.14906
0.0202	0.37	0.193267
0.0202	0.38	0.245789
0.0202	0.39	0.30661
0.0202	0.4	0.375176
0.0202	0.41	0.450314
0.0202	0.42	0.530192
0.0202	0.43	0.612342
0.0202	0.44	0.693751
0.0202	0.45	0.771019
0.0202	0.46	0.840588
0.0202	0.47	0.899002
0.0202	0.48	0.943192
0.0202	0.49	0.97074
0.0202	0.5	0.9801
0.0202	0.51	0.97074
0.0202	0.52	0.943192
0.0202	0.53	0.899002
0.0202	0.54	0.840588
0.0202	0.55	0.771019
0.0202	0.56	0.693751
0.0202	0.57	0.612342
0.0202	0.58	0.530192
0.0202	0.59	0.450314
0.0202	0.6	0.375176
0.0202	0.61	0.30661
0.0202	0.62	0.245789
0.0202	0.63	0.193267
0.0202	0.64	0.14906
0.0202	0.65	0.112764
0.0202	0.66	0.0836707
0.0202	0.67	0.0608924
0.0202	0.68	0.0434642
0.0202	0.69	0.0304277
0.0202	0.7	0.0208914
0.0202	0.71	0.0140675
0.0202	0.72	0.00928988
0.0202	0.73	0.00601641
0.0202	0.74	0.0038211
0.0202	0.75	0.00237989
0.0202	0.76	0.00145355
0.0202	0.77	0.00087057
0.0202	0.78	0.000511289
0.0202	0.79	0.000294449
0.0202	0.8	0.000166275
0.0202	0.81	9.20678e-05
0.0202	0.82	4.99857e-05
0.0202	0.83	2.66093e-05
0.0202	0.84	1.38887e-05
0.0202	0.85	7.10762e-06
0.0202	0.86	3.56627e-06
0.0202	0.87	1.75438e-06
0.0202	0.88	8.46152e-07
0.0202	0.89	4.0011e-07
0.0202	0.9	1.85487e-07
0.0202	0.91	8.43026e-08
0.0202	0.92	3.75629e-08
0.0202	0.93	1.64082e-08
0.0202	0.94	7.02658e-09
0.0202	0.95	2.94985e-09
0.0202	0.96	1.21402e-09
0.0202	0.97	4.898e-10
0.0202	0.98	1.93719e-10
0.0202	0.99	7.51071e-11
0.0202	1	0


